county1	county2	distance
1001	1021	45.6715198
1001	1123	70.7867328
1001	1007	83.5965557
1001	1037	61.6624966
1001	1117	90.7794821
1001	1051	26.0257583
1001	1105	82.5041679
1001	1087	73.5724908
1001	1047	51.7493832
1001	1101	29.0924003
1001	1085	39.3600221
1001	1011	85.8936547
1001	1109	94.4749823
1001	1013	82.2024556
1001	1041	86.1856545
1003	28039	87.0730402
1003	28059	86.841034
1003	12113	69.4694713
1003	1097	41.8458308
1003	12033	47.2470211
1003	1053	75.5511098
1005	13307	74.2904751
1005	13197	95.1253558
1005	13053	67.748685
1005	13259	57.2300171
1005	13273	83.6382475
1005	13243	52.9778972
1005	13037	70.1688791
1005	13061	36.5259579
1005	13239	21.9978063
1005	13201	93.4792447
1005	13099	68.0619415
1005	1061	94.9403604
1005	1081	82.8043844
1005	13215	80.4389507
1005	1113	68.3463439
1005	1087	75.0900826
1005	1011	47.7348106
1005	1109	60.6813668
1005	1041	93.9655251
1005	1067	40.8216731
1005	1045	60.0710601
1005	1031	78.3408932
1005	1069	71.5240949
1007	1107	92.1132559
1007	1125	41.8531639
1007	1021	44.4735974
1007	1037	90.9037386
1007	1117	46.3743344
1007	1121	96.9229571
1007	1057	97.6842322
1007	1115	99.3362989
1007	1127	90.1590793
1007	1073	61.5426226
1007	1063	77.5920551
1007	1065	54.4977705
1007	1051	99.2715702
1007	1105	54.8767262
1007	1001	83.5965557
1007	1047	69.7167051
1007	1091	99.3032405
1009	1095	48.2300327
1009	1089	87.9945127
1009	1049	90.3351367
1009	1103	69.551208
1009	1079	90.5505986
1009	1019	92.0657629
1009	1043	31.9516324
1009	1133	79.4036152
1009	1055	52.5885559
1009	1117	75.1270857
1009	1121	75.7141976
1009	1115	38.6666932
1009	1015	75.7395012
1009	1127	62.6026548
1009	1073	52.7578041
1011	13053	79.5718799
1011	13259	88.3921231
1011	13243	97.4016304
1011	13061	84.260481
1011	13239	65.3739918
1011	1123	83.3415346
1011	1017	92.2403824
1011	13145	99.6913809
1011	1081	62.1752748
1011	13215	83.6206274
1011	1051	69.6958378
1011	1001	85.8936547
1011	1113	68.9754143
1011	1087	34.4295038
1011	1101	57.0787856
1011	1085	86.5398866
1011	1005	47.7348106
1011	1109	43.4033125
1011	1013	97.6053985
1011	1041	69.8660266
1011	1067	81.8453701
1011	1045	81.7005638
1011	1031	86.8779336
1013	1053	96.7162009
1013	1051	96.2440584
1013	1001	82.2024556
1013	1047	79.2529497
1013	1101	74.465514
1013	1085	43.3654878
1013	1011	97.6053985
1013	1131	73.0956259
1013	1109	66.6424842
1013	1041	33.8618994
1013	1099	73.2886232
1013	1035	51.1087853
1013	1031	84.8791731
1013	1039	59.2473991
1015	1095	78.4923972
1015	1049	81.1337822
1015	13055	96.1564924
1015	1019	53.4307215
1015	13115	83.1766515
1015	13223	94.7862637
1015	13233	67.2876436
1015	1055	37.268573
1015	1009	75.7395012
1015	13143	58.7551221
1015	1123	97.097045
1015	1037	88.9833415
1015	1117	97.9246584
1015	1111	63.4700477
1015	1027	50.3766885
1015	1121	50.9300867
1015	1029	31.9090389
1015	1115	51.3628623
1015	13045	72.6094265
1015	13149	80.1531158
1015	1073	94.9768899
1017	13197	87.6621236
1017	13053	66.9186037
1017	13259	99.7803852
1017	1123	55.8659728
1017	1037	83.9251574
1017	13293	88.1296547
1017	13285	29.3987748
1017	13199	57.8068695
1017	13145	39.0457417
1017	13263	66.3290264
1017	1111	46.6357264
1017	1027	68.993984
1017	1029	88.1292425
1017	13231	88.1574806
1017	13045	87.1806442
1017	13149	51.9128657
1017	13077	75.91838
1017	13113	94.3998528
1017	1081	31.1805013
1017	13215	51.6151997
1017	1051	95.7647798
1017	1113	52.3535584
1017	1087	64.0289201
1017	1011	92.2403824
1019	1095	62.8006166
1019	1071	67.6820368
1019	13129	75.0543634
1019	1049	35.1844223
1019	13055	43.8291805
1019	13295	79.2914018
1019	13313	91.3814487
1019	13047	93.1296345
1019	13083	79.1439655
1019	13015	73.6551523
1019	13115	41.8847736
1019	13223	80.8185493
1019	13233	45.6775911
1019	1055	40.8685528
1019	1009	92.0657629
1019	13143	61.8761816
1019	13097	96.753495
1019	1029	62.3637267
1019	1115	89.3724326
1019	13045	82.1501297
1019	1015	53.4307215
1021	1125	86.1745375
1021	1123	76.9048792
1021	1007	44.4735974
1021	1037	50.8804287
1021	1117	46.182827
1021	1027	91.9672941
1021	1121	73.1732757
1021	1115	91.967389
1021	1073	72.2574607
1021	1065	88.4322665
1021	1051	55.8219676
1021	1105	71.7829427
1021	1001	45.6715198
1021	1047	61.4423456
1021	1101	72.2343552
1021	1085	79.7797653
1023	28075	58.6814988
1023	28023	44.2730933
1023	28061	83.214759
1023	28067	93.4866136
1023	28153	55.2692034
1023	28041	97.7832267
1023	28069	91.3389652
1023	28101	92.4131199
1023	1063	95.9702177
1023	1119	62.1013846
1023	1091	56.5653658
1023	1131	83.3428604
1023	1025	56.1061191
1023	1129	67.8073132
1025	28023	96.03695
1025	28153	79.9467316
1025	28041	94.4143159
1025	1053	83.4968223
1025	1091	72.8234427
1025	1023	56.1061191
1025	1131	53.9405754
1025	1099	47.5012999
1025	1035	83.1049318
1025	1129	46.5869113
1027	1055	84.5879698
1027	13143	80.1548979
1027	1021	91.9672941
1027	1123	46.8127662
1027	1017	68.993984
1027	1037	45.3800727
1027	13285	77.935489
1027	1117	85.3372211
1027	1111	36.5631389
1027	1121	34.2583178
1027	1029	49.9297751
1027	1115	66.7533984
1027	13045	81.7935006
1027	1015	50.3766885
1027	13149	65.8186117
1027	1073	96.2934967
1027	1081	88.0304366
1027	1051	87.8280081
1027	1087	94.6569145
1029	1049	96.4708156
1029	13055	97.2542576
1029	1019	62.3637267
1029	13015	88.9220856
1029	13115	75.2959327
1029	13067	93.2965361
1029	13223	69.7538338
1029	13233	51.5390957
1029	1055	65.0350121
1029	13143	32.1286031
1029	13097	71.0869896
1029	1123	92.9768815
1029	1017	88.1292425
1029	1037	95.1649828
1029	13285	78.7093388
1029	1111	41.8470107
1029	1027	49.9297751
1029	1121	68.8135743
1029	1115	81.0493672
1029	13045	41.6434082
1029	1015	31.9090389
1029	13149	50.177158
1029	13077	75.5966957
1029	13113	93.7398555
1031	13061	90.0310884
1031	13239	96.3648527
1031	13099	93.8654738
1031	12133	82.6558343
1031	12131	89.9284825
1031	12063	89.9848441
1031	12059	58.0415677
1031	1061	30.957914
1031	1011	86.8779336
1031	1005	78.3408932
1031	1109	48.3095908
1031	1013	84.8791731
1031	1041	57.0428409
1031	1067	61.9082014
1031	1045	25.2209564
1031	1039	48.7518636
1031	1069	51.5668191
1033	47101	91.3022628
1033	47181	60.1755321
1033	47109	93.0221067
1033	47071	72.3988516
1033	47055	79.1151667
1033	47099	64.3266065
1033	1089	97.9826383
1033	1083	68.9230807
1033	1077	17.3430519
1033	28003	79.927344
1033	28117	79.9813721
1033	1059	30.8723438
1033	1103	72.8377741
1033	1079	42.7212949
1033	28141	49.647098
1033	1133	66.9443411
1033	1093	70.1840665
1033	28057	81.3700075
1035	12113	96.714543
1035	1053	45.6362351
1035	1085	90.077891
1035	1131	74.121649
1035	1013	51.1087853
1035	1041	75.4539075
1035	1025	83.1049318
1035	1099	35.8855202
1035	1039	57.6237224
1037	1021	50.8804287
1037	1123	30.3643643
1037	1007	90.9037386
1037	1017	83.9251574
1037	1117	64.583232
1037	1111	74.6628899
1037	1027	45.3800727
1037	1121	44.0692567
1037	1029	95.1649828
1037	1115	78.6892875
1037	1015	88.9833415
1037	1073	86.0419341
1037	1081	87.0738041
1037	1051	46.7562527
1037	1001	61.6624966
1037	1087	73.7444205
1037	1101	70.517057
1039	12131	80.4869771
1039	12091	83.5794196
1039	12059	78.7332437
1039	1061	62.7720966
1039	1053	85.6102839
1039	1085	99.8005588
1039	1109	71.2105669
1039	1013	59.2473991
1039	1041	52.3894664
1039	1099	93.507886
1039	1045	73.9634287
1039	1035	57.6237224
1039	1031	48.7518636
1039	1069	97.3324151
1041	1061	86.8194054
1041	1051	91.0026813
1041	1001	86.1856545
1041	1087	93.6091914
1041	1101	67.2039292
1041	1085	55.5929656
1041	1011	69.8660266
1041	1005	93.9655251
1041	1109	33.2996931
1041	1013	33.8618994
1041	1045	73.9241644
1041	1035	75.4539075
1041	1031	57.0428409
1041	1039	52.3894664
1043	1095	52.2227748
1043	1089	67.962677
1043	1083	73.2991092
1043	1049	98.7261077
1043	1059	94.3477007
1043	1103	40.1705356
1043	1079	58.5995251
1043	1133	53.7284479
1043	1093	96.1107134
1043	1055	76.0789526
1043	1009	31.9516324
1043	1117	97.3104718
1043	1057	99.2225329
1043	1115	70.2561911
1043	1127	53.298644
1043	1073	71.6006839
1045	13243	93.590176
1045	13037	93.6555148
1045	13061	65.7026818
1045	13239	75.1592855
1045	13253	86.5910575
1045	13201	89.4477078
1045	13099	69.038056
1045	12133	81.4786008
1045	12063	76.4344011
1045	12059	60.6001868
1045	1061	35.0734126
1045	1011	81.7005638
1045	1005	60.0710601
1045	1109	53.5276058
1045	1041	73.9241644
1045	1067	36.894098
1045	1031	25.2209564
1045	1039	73.9634287
1045	1069	30.978145
1047	1021	61.4423456
1047	1007	69.7167051
1047	1063	95.5611599
1047	1065	68.7921106
1047	1051	77.7421547
1047	1105	36.7310946
1047	1001	51.7493832
1047	1101	74.620191
1047	1091	72.3105409
1047	1085	47.766127
1047	1131	55.9068467
1047	1013	79.2529497
1049	47051	87.9451145
1049	47061	99.0061352
1049	1095	46.5144114
1049	1089	79.7488683
1049	1071	32.7346922
1049	13129	83.3915934
1049	13055	43.5792934
1049	13295	63.9795056
1049	13313	86.4751201
1049	13047	78.9400308
1049	13083	55.8334905
1049	47115	75.3034017
1049	47065	90.3438137
1049	1019	35.1844223
1049	1043	98.7261077
1049	13015	94.7673985
1049	13115	62.266221
1049	13233	76.8409031
1049	1055	52.6888198
1049	1009	90.3351367
1049	13143	96.5513201
1049	1029	96.4708156
1049	1015	81.1337822
1051	1021	55.8219676
1051	1123	46.9657394
1051	1007	99.2715702
1051	1017	95.7647798
1051	1037	46.7562527
1051	1117	94.3108813
1051	1027	87.8280081
1051	1121	90.4922512
1051	1081	82.4947667
1051	1001	26.0257583
1051	1087	50.1522135
1051	1047	77.7421547
1051	1101	23.7988564
1051	1085	57.5689877
1051	1011	69.6958378
1051	1109	89.7530462
1051	1013	96.2440584
1051	1041	91.0026813
1053	12091	91.3543634
1053	12113	64.3530237
1053	1003	75.5511098
1053	1097	95.9994872
1053	12033	67.1009958
1053	1013	96.7162009
1053	1025	83.4968223
1053	1099	46.9554591
1053	1035	45.6362351
1053	1039	85.6102839
1053	1129	93.0985113
1055	1095	41.3242297
1055	1089	97.7133502
1055	1071	80.2672171
1055	1049	52.6888198
1055	13055	82.4050207
1055	1019	40.8685528
1055	1043	76.0789526
1055	13115	82.0606315
1055	13233	78.2207702
1055	1009	52.5885559
1055	13143	82.4313123
1055	1027	84.5879698
1055	1121	72.5707557
1055	1029	65.0350121
1055	1115	50.4860094
1055	1015	37.268573
1055	1073	91.3932723
1057	1059	81.6516097
1057	1043	99.2225329
1057	1133	58.6125256
1057	1093	43.9119772
1057	28057	85.7610827
1057	28103	98.0491049
1057	1107	55.4647789
1057	1125	61.5053632
1057	1007	97.6842322
1057	28087	62.2188737
1057	1075	31.6314743
1057	28095	70.7889526
1057	1127	49.2250375
1057	28025	86.0775984
1057	1073	91.4616792
1059	47181	88.6486829
1059	47071	91.2132253
1059	47099	94.9459327
1059	1083	87.5897102
1059	1077	48.1745577
1059	28003	83.8571496
1059	28117	72.0756677
1059	1103	79.2978861
1059	1079	48.6432171
1059	1033	30.8723438
1059	28141	49.3899536
1059	1043	94.3477007
1059	1133	47.8762078
1059	1093	39.4750127
1059	28081	85.9859171
1059	28057	58.947428
1059	1075	82.8599726
1059	1057	81.6516097
1059	28095	87.9325714
1059	1127	85.4696557
1061	13061	94.9555391
1061	13253	88.7710274
1061	13099	87.0406369
1061	12133	51.7286554
1061	12131	68.5135619
1061	12063	63.6484721
1061	12091	96.347561
1061	12059	27.5696993
1061	12013	94.7661607
1061	12005	99.4315432
1061	1005	94.9403604
1061	1109	78.5373447
1061	1041	86.8194054
1061	1067	65.3344158
1061	1045	35.0734126
1061	1031	30.957914
1061	1039	62.7720966
1061	1069	39.7747556
1063	28075	86.3452261
1063	28069	70.9026025
1063	28103	67.2656223
1063	1107	53.1087081
1063	1125	56.8948001
1063	1007	77.5920551
1063	28087	87.759349
1063	1065	28.5013676
1063	1105	58.862691
1063	1119	40.5548745
1063	1047	95.5611599
1063	1091	55.7004589
1063	1023	95.9702177
1065	28069	98.3604824
1065	28103	94.8117316
1065	1107	70.65254
1065	1125	49.7319283
1065	1021	88.4322665
1065	1007	54.4977705
1065	1063	28.5013676
1065	1105	32.3623732
1065	1119	61.0269766
1065	1047	68.7921106
1065	1091	51.0962603
1065	1131	89.3228952
1067	13307	92.2460661
1067	13259	81.160127
1067	13273	85.9617987
1067	13243	57.6257995
1067	13037	57.1728421
1067	13061	29.7050915
1067	13239	46.0397264
1067	13253	67.9620199
1067	13201	61.7007091
1067	13087	93.3899939
1067	13099	37.1906457
1067	13007	81.1130849
1067	12133	98.1212415
1067	12063	75.5953203
1067	12059	84.2211399
1067	1061	65.3344158
1067	1011	81.8453701
1067	1005	40.8216731
1067	1109	72.947392
1067	1045	36.894098
1067	1031	61.9082014
1067	1069	32.6162735
1069	13243	86.1718261
1069	13037	77.4480875
1069	13061	59.6739795
1069	13239	78.6425478
1069	13253	56.1059993
1069	13201	62.4179733
1069	13087	85.7418604
1069	13099	47.2662258
1069	13007	91.3365346
1069	12133	65.5074524
1069	12063	47.9528449
1069	12059	52.9111564
1069	1061	39.7747556
1069	12013	86.3496286
1069	1005	71.5240949
1069	1109	83.616852
1069	1067	32.6162735
1069	1045	30.978145
1069	1031	51.5668191
1069	1039	97.3324151
1071	47003	99.1006591
1071	47031	82.0569071
1071	47127	72.8087379
1071	47051	55.236848
1071	47153	85.2189517
1071	47061	70.6777248
1071	1095	56.8991798
1071	1089	61.6713588
1071	1083	91.8474611
1071	13129	97.7506444
1071	1049	32.7346922
1071	13055	60.417453
1071	1103	93.9685931
1071	13295	60.0546853
1071	13313	89.1272288
1071	13047	73.203735
1071	13083	43.6596283
1071	47115	51.8707491
1071	47103	71.4644113
1071	47065	78.0241984
1071	1019	67.6820368
1071	13115	87.1561657
1071	1055	80.2672171
1073	1043	71.6006839
1073	1133	90.7186309
1073	1055	91.3932723
1073	1009	52.7578041
1073	1125	73.7555979
1073	1021	72.2574607
1073	1007	61.5426226
1073	1037	86.0419341
1073	1117	26.320208
1073	1027	96.2934967
1073	1121	62.0737186
1073	1057	91.4616792
1073	1115	44.1874978
1073	1015	94.9768899
1073	1127	53.7543847
1075	1059	82.8599726
1075	1133	77.999532
1075	1093	44.4707152
1075	28115	99.3701147
1075	28081	78.9359902
1075	28057	64.7690581
1075	28103	81.2449905
1075	1107	52.3926839
1075	1125	81.9101068
1075	28105	75.1649947
1075	28087	37.9909568
1075	1057	31.6314743
1075	28095	40.1996867
1075	1127	79.4727947
1075	28017	78.2248732
1075	28025	56.0673458
1077	47135	90.3379113
1077	47119	98.4734085
1077	47101	74.6373563
1077	47039	95.2152971
1077	47181	46.5530822
1077	47109	91.7986121
1077	47071	67.3954812
1077	47055	63.8195737
1077	47099	47.0417235
1077	1089	91.8601299
1077	1083	61.3826182
1077	28003	84.257641
1077	28117	90.099253
1077	1059	48.1745577
1077	1103	73.3009815
1077	1079	47.2347306
1077	1033	17.3430519
1077	28141	58.7631587
1077	47103	97.9515817
1077	1133	80.0747355
1077	1093	87.3429396
1077	28057	96.7267337
1079	47181	92.3608217
1079	47055	75.2961415
1079	47099	77.257312
1079	1095	93.4247547
1079	1089	64.3759207
1079	1083	42.9415994
1079	1077	47.2347306
1079	1059	48.6432171
1079	1103	31.4636135
1079	1033	42.7212949
1079	28141	89.716835
1079	47103	89.3695322
1079	1043	58.5995251
1079	1133	44.2404142
1079	1093	73.2178165
1079	1009	90.5505986
1079	1127	78.8359089
1081	13307	95.043311
1081	13197	80.4982925
1081	13053	49.9077915
1081	13259	79.4428715
1081	13239	84.8650771
1081	1123	56.7653256
1081	1017	31.1805013
1081	1037	87.0738041
1081	13285	57.8852644
1081	13199	78.396573
1081	13145	44.0063383
1081	13263	72.6448275
1081	1111	74.8333882
1081	1027	88.0304366
1081	13149	83.0801645
1081	13215	40.3570979
1081	1051	82.4947667
1081	1113	32.3400895
1081	1087	39.0377288
1081	1101	88.4279804
1081	1011	62.1752748
1081	1005	82.8043844
1083	47003	88.6648728
1083	47117	76.3497721
1083	47119	90.2985349
1083	47101	95.9291872
1083	47181	91.7500135
1083	47127	76.3544847
1083	47055	42.6022438
1083	47099	60.1362651
1083	47051	86.6469185
1083	1095	81.4347732
1083	1089	30.72809
1083	1071	91.8474611
1083	1077	61.3826182
1083	1059	87.5897102
1083	1103	33.5181051
1083	1079	42.9415994
1083	1033	68.9230807
1083	47103	46.4280831
1083	1043	73.2991092
1083	1133	84.629401
1085	1021	79.7797653
1085	1051	57.5689877
1085	1105	84.4612916
1085	1001	39.3600221
1085	1087	89.848656
1085	1047	47.766127
1085	1101	40.748342
1085	1011	86.5398866
1085	1131	74.0091951
1085	1109	75.7260963
1085	1013	43.3654878
1085	1041	55.5929656
1085	1035	90.077891
1085	1039	99.8005588
1087	13053	77.1302544
1087	13259	97.7767815
1087	13239	86.982671
1087	1123	49.5364243
1087	1017	64.0289201
1087	1037	73.7444205
1087	13285	93.276882
1087	13145	82.6693847
1087	1111	96.3250129
1087	1027	94.6569145
1087	1081	39.0377288
1087	13215	73.9629575
1087	1051	50.1522135
1087	1001	73.5724908
1087	1113	61.2156246
1087	1101	50.4361417
1087	1085	89.848656
1087	1011	34.4295038
1087	1005	75.0900826
1087	1109	74.3267931
1087	1041	93.6091914
1089	47003	86.2411448
1089	47117	83.8012876
1089	47031	90.3588554
1089	47127	66.0956573
1089	47055	62.421163
1089	47099	86.7682994
1089	47051	68.3589231
1089	1095	56.500629
1089	1071	61.6713588
1089	1083	30.72809
1089	1077	91.8601299
1089	1049	79.7488683
1089	1103	38.8664698
1089	1079	64.3759207
1089	1033	97.9826383
1089	47103	40.3066043
1089	1043	67.962677
1089	1133	98.0322689
1089	1055	97.7133502
1089	1009	87.9945127
1091	28075	83.95894
1091	28023	92.790556
1091	28069	94.531309
1091	1007	99.3032405
1091	1063	55.7004589
1091	1065	51.0962603
1091	1105	48.527613
1091	1119	48.158588
1091	1047	72.3105409
1091	1023	56.5653658
1091	1131	54.7718982
1091	1025	72.8234427
1093	1077	87.3429396
1093	28117	84.9436735
1093	1059	39.4750127
1093	1103	97.5250968
1093	1079	73.2178165
1093	1033	70.1840665
1093	28141	75.3728441
1093	1043	96.1107134
1093	1133	42.5959936
1093	28081	78.3402042
1093	28057	52.5695513
1093	1107	92.7670302
1093	28087	81.8046654
1093	1075	44.4707152
1093	1057	43.9119772
1093	28095	61.0946046
1093	1127	64.9648113
1093	28017	99.4811077
1093	28025	92.9586104
1095	1089	56.500629
1095	1071	56.8991798
1095	1083	81.4347732
1095	1049	46.5144114
1095	13055	89.4395716
1095	1103	62.6576556
1095	1079	93.4247547
1095	13083	96.6450155
1095	47103	92.1202669
1095	1019	62.8006166
1095	1043	52.2227748
1095	1055	41.3242297
1095	1009	48.2300327
1095	1115	72.7625681
1095	1015	78.4923972
1097	28131	93.3450133
1097	28041	71.353209
1097	28039	45.3624975
1097	28047	89.9662973
1097	28059	53.958587
1097	1003	41.8458308
1097	12033	88.5523704
1097	1053	95.9994872
1097	1129	80.7827552
1099	1053	46.9554591
1099	1131	54.9773014
1099	1013	73.2886232
1099	1025	47.5012999
1099	1035	35.8855202
1099	1039	93.507886
1099	1129	79.0012071
1101	1021	72.2343552
1101	1123	66.6255346
1101	1037	70.517057
1101	1081	88.4279804
1101	1051	23.7988564
1101	1001	29.0924003
1101	1087	50.4361417
1101	1047	74.620191
1101	1085	40.748342
1101	1011	57.0787856
1101	1109	68.0854736
1101	1013	74.465514
1101	1041	67.2039292
1103	47055	75.8316802
1103	47099	89.0380391
1103	1095	62.6576556
1103	1089	38.8664698
1103	1071	93.9685931
1103	1083	33.5181051
1103	1077	73.3009815
1103	1059	79.2978861
1103	1079	31.4636135
1103	1033	72.8377741
1103	47103	73.5441022
1103	1043	40.1705356
1103	1133	59.167322
1103	1093	97.5250968
1103	1009	69.551208
1103	1127	81.1835651
1105	1125	71.7959165
1105	1021	71.7829427
1105	1007	54.8767262
1105	1117	98.4704988
1105	1063	58.862691
1105	1065	32.3623732
1105	1119	80.9128414
1105	1001	82.5041679
1105	1047	36.7310946
1105	1091	48.527613
1105	1085	84.4612916
1105	1131	64.6477829
1107	1093	92.7670302
1107	28069	82.2344573
1107	28103	48.4388289
1107	1125	51.5381391
1107	28159	93.7609521
1107	1007	92.1132559
1107	28105	72.8893957
1107	28087	39.0985305
1107	1075	52.3926839
1107	1057	55.4647789
1107	28095	80.9412394
1107	1127	96.4212161
1107	28025	68.7970323
1107	1063	53.1087081
1107	1065	70.65254
1107	1119	81.3912542
1109	13061	90.1073559
1109	13239	82.6750611
1109	1061	78.5373447
1109	1051	89.7530462
1109	1001	94.4749823
1109	1087	74.3267931
1109	1101	68.0854736
1109	1085	75.7260963
1109	1011	43.4033125
1109	1005	60.6813668
1109	1013	66.6424842
1109	1041	33.2996931
1109	1067	72.947392
1109	1045	53.5276058
1109	1031	48.3095908
1109	1039	71.2105669
1109	1069	83.616852
1111	13223	91.6168259
1111	13233	86.9121178
1111	13143	60.393385
1111	13097	82.6206217
1111	1123	60.6963
1111	1017	46.6357264
1111	1037	74.6628899
1111	13285	44.2664994
1111	13199	75.4965582
1111	13145	79.4366985
1111	1027	36.5631389
1111	1121	70.089463
1111	1029	41.8470107
1111	1115	98.1890289
1111	13045	53.8918357
1111	1015	63.4700477
1111	13149	29.7392884
1111	13077	65.6034248
1111	13113	87.0708382
1111	1081	74.8333882
1111	13215	96.9187782
1111	1113	98.9614276
1111	1087	96.3250129
1113	13307	62.8289019
1113	13193	96.7700082
1113	13197	50.8318282
1113	13053	17.6216904
1113	13249	73.8115474
1113	13261	88.7469787
1113	13259	48.2129521
1113	13273	93.73831
1113	13243	78.9675533
1113	13061	87.7923043
1113	13239	62.5734716
1113	1123	89.0702308
1113	1017	52.3535584
1113	13293	87.7054887
1113	13285	68.4205774
1113	13199	74.763286
1113	13269	80.9876672
1113	13145	34.6770848
1113	13263	54.8328542
1113	1111	98.9614276
1113	13231	99.8698082
1113	13149	98.7832683
1113	1081	32.3400895
1113	13215	14.6608703
1113	1087	61.2156246
1113	1011	68.9754143
1113	1005	68.3463439
1115	1095	72.7625681
1115	1019	89.3724326
1115	1043	70.2561911
1115	1055	50.4860094
1115	1009	38.6666932
1115	1021	91.967389
1115	1007	99.3362989
1115	1037	78.6892875
1115	1117	53.4996315
1115	1111	98.1890289
1115	1027	66.7533984
1115	1121	37.0583875
1115	1029	81.0493672
1115	1015	51.3628623
1115	1127	84.0774134
1115	1073	44.1874978
1117	1043	97.3104718
1117	1009	75.1270857
1117	1125	73.2407921
1117	1021	46.182827
1117	1123	94.8221829
1117	1007	46.3743344
1117	1037	64.583232
1117	1027	85.3372211
1117	1121	53.6205384
1117	1115	53.4996315
1117	1015	97.9246584
1117	1127	77.1177344
1117	1073	26.320208
1117	1051	94.3108813
1117	1105	98.4704988
1117	1001	90.7794821
1119	28075	47.2027176
1119	28023	73.6681309
1119	28069	46.5077751
1119	28099	85.2259659
1119	28101	85.9008414
1119	28103	68.6276932
1119	1107	81.3912542
1119	1125	97.3870558
1119	28159	94.6214122
1119	1063	40.5548745
1119	1065	61.0269766
1119	1105	80.9128414
1119	1091	48.158588
1119	1023	62.1013846
1121	1055	72.5707557
1121	1009	75.7141976
1121	1021	73.1732757
1121	1123	64.3043406
1121	1007	96.9229571
1121	1037	44.0692567
1121	1117	53.6205384
1121	1111	70.089463
1121	1027	34.2583178
1121	1029	68.8135743
1121	1115	37.0583875
1121	1015	50.9300867
1121	13149	98.3097059
1121	1073	62.0737186
1121	1051	90.4922512
1123	1021	76.9048792
1123	1017	55.8659728
1123	1037	30.3643643
1123	13285	80.3529198
1123	13145	92.2250862
1123	1117	94.8221829
1123	1111	60.6963
1123	1027	46.8127662
1123	1121	64.3043406
1123	1029	92.9768815
1123	1015	97.097045
1123	13149	86.4384947
1123	1081	56.7653256
1123	13215	96.1796972
1123	1051	46.9657394
1123	1001	70.7867328
1123	1113	89.0702308
1123	1087	49.5364243
1123	1101	66.6255346
1123	1011	83.3415346
1125	28103	96.2695672
1125	1107	51.5381391
1125	1021	86.1745375
1125	1007	41.8531639
1125	1117	73.2407921
1125	28087	87.67157
1125	1075	81.9101068
1125	1057	61.5053632
1125	1127	73.2993829
1125	1073	73.7555979
1125	1063	56.8948001
1125	1065	49.7319283
1125	1105	71.7959165
1125	1119	97.3870558
1127	1059	85.4696557
1127	1103	81.1835651
1127	1079	78.8359089
1127	1043	53.298644
1127	1133	39.5032447
1127	1093	64.9648113
1127	1009	62.6026548
1127	1107	96.4212161
1127	1125	73.2993829
1127	1007	90.1590793
1127	1117	77.1177344
1127	1075	79.4727947
1127	1057	49.2250375
1127	1115	84.0774134
1127	1073	53.7543847
1129	28023	88.95514
1129	28067	97.1128789
1129	28153	52.16898
1129	28111	78.2682819
1129	28041	48.2846512
1129	28039	71.4232074
1129	1097	80.7827552
1129	1053	93.0985113
1129	1023	67.8073132
1129	1025	46.5869113
1129	1099	79.0012071
1131	1065	89.3228952
1131	1105	64.6477829
1131	1047	55.9068467
1131	1091	54.7718982
1131	1085	74.0091951
1131	1023	83.3428604
1131	1013	73.0956259
1131	1025	53.9405754
1131	1099	54.9773014
1131	1035	74.121649
1133	1089	98.0322689
1133	1083	84.629401
1133	1077	80.0747355
1133	1059	47.8762078
1133	1103	59.167322
1133	1079	44.2404142
1133	1033	66.9443411
1133	28141	97.0840562
1133	1043	53.7284479
1133	1093	42.5959936
1133	28057	91.8481233
1133	1009	79.4036152
1133	1075	77.999532
1133	1057	58.6125256
1133	1127	39.5032447
1133	1073	90.7186309
2020	2170	50.6038558
2060	2164	36.94919
2100	2230	26.3761396
2105	2110	59.1305883
2110	2105	59.1305883
2130	2198	56.5733453
2164	2060	36.94919
2170	2020	50.6038558
2195	2275	68.3809705
2198	2130	56.5733453
2230	2100	26.3761396
2275	2195	68.3809705
4001	35031	71.0461312
4003	4023	85.5963712
4009	4011	53.8468116
4011	35017	96.3013233
4011	35023	89.4800552
4011	4009	53.8468116
4013	4021	63.9937067
4019	4023	86.9661232
4021	4013	63.9937067
4023	4019	86.9661232
4023	4003	85.5963712
4027	6025	90.0777026
5001	5145	97.3194496
5001	5147	94.0172168
5001	5053	87.9767459
5001	5117	50.9296593
5001	5085	72.5173809
5001	5107	70.461223
5001	5119	87.9512066
5001	5077	75.7477836
5001	5095	47.0239109
5001	5123	92.689361
5001	5069	56.5700029
5001	5079	54.5115176
5001	28027	84.3699567
5001	5041	70.3332451
5001	28011	94.5842036
5001	5025	82.8324095
5001	5043	91.4009831
5003	5079	89.2679587
5003	28125	98.4718488
5003	28055	87.7878096
5003	22083	83.3884374
5003	22073	77.7846604
5003	22035	77.7216797
5003	22067	43.7193696
5003	22123	57.5164036
5003	22111	65.5995786
5003	28151	82.7721984
5003	5017	53.7953609
5003	5139	72.067128
5003	5041	78.3630866
5003	5039	97.8799434
5003	5025	85.4792526
5003	5043	50.5070376
5003	5013	73.8582729
5003	5011	48.4152255
5005	5089	25.5923168
5005	5049	55.6569325
5005	29153	32.5451622
5005	29149	88.1235706
5005	29091	68.5767999
5005	29067	69.9718111
5005	29213	80.5808989
5005	5009	64.5086594
5005	29229	95.7121572
5005	5023	96.5778668
5005	5141	85.0611398
5005	5135	79.318662
5005	5065	48.7331028
5005	5063	95.2204839
5005	5137	57.3396655
5005	5101	80.4798416
5005	5129	51.800174
5007	40097	90.1832761
5007	40035	90.6927207
5007	40041	52.4188708
5007	29213	99.5591977
5007	29209	82.439197
5007	29145	66.9631625
5007	29119	34.623934
5007	29109	86.7091976
5007	29097	90.0485385
5007	29009	55.0906604
5007	20021	98.3246518
5007	5015	59.2032613
5007	40115	79.2796342
5007	5143	27.5301269
5007	5087	52.5390307
5007	40021	84.0734907
5007	40001	61.862458
5007	5033	93.5812287
5009	5089	39.1260931
5009	5005	64.5086594
5009	29153	72.1532387
5009	29067	87.5370251
5009	29213	43.9893987
5009	29209	58.4790146
5009	29043	85.5136591
5009	29009	85.7632077
5009	5015	43.8350924
5009	5141	98.9194909
5009	5143	98.2042153
5009	5087	63.2053665
5009	5137	97.8394744
5009	5101	32.1023202
5009	5129	55.1004832
5009	5071	94.4264382
5011	5053	87.0791755
5011	5069	74.0724636
5011	5079	55.9303955
5011	22067	89.3721158
5011	22111	90.5977857
5011	5017	77.8413273
5011	5139	64.4590275
5011	5003	48.4152255
5011	5041	67.4100678
5011	5039	51.4720213
5011	5025	38.5793899
5011	5103	68.1483246
5011	5043	30.4701581
5011	5013	36.4187358
5013	5059	92.410206
5013	5053	80.2091234
5013	5019	80.7085312
5013	5069	82.8232845
5013	5079	81.3761731
5013	22111	88.9844462
5013	22027	97.94917
5013	5027	78.9987658
5013	5139	44.9258507
5013	5003	73.8582729
5013	5099	81.1546629
5013	5039	31.0615629
5013	5025	48.8121508
5013	5103	31.8543823
5013	5043	66.2228407
5013	5011	36.4187358
5015	5089	81.8898666
5015	29213	46.4060534
5015	29209	40.0951208
5015	29145	96.6745254
5015	29119	78.8011914
5015	29109	76.3581268
5015	29077	94.2132413
5015	29043	77.600236
5015	29009	47.9594921
5015	5007	59.2032613
5015	5009	43.8350924
5015	5143	62.2064576
5015	5087	38.411257
5015	5101	56.1624549
5015	5129	95.9554784
5017	5079	82.752153
5017	28125	61.4630351
5017	28055	58.3108179
5017	22035	62.3250073
5017	22067	79.6504623
5017	22123	57.1704491
5017	28151	29.0818658
5017	28053	76.4486202
5017	5003	53.7953609
5017	5041	51.0893609
5017	28011	71.006309
5017	28133	74.5613549
5017	5043	54.7791945
5017	5011	77.8413273
5019	5059	35.7257851
5019	5053	69.7020356
5019	5097	65.5424637
5019	5051	45.8836647
5019	5125	76.7839537
5019	5061	73.4188815
5019	5109	47.1414135
5019	5073	98.2623052
5019	5027	93.7208401
5019	5057	63.6281713
5019	5099	46.6818524
5019	5039	60.5432581
5019	5025	93.0366101
5019	5103	63.5966471
5019	5013	80.7085312
5021	5121	55.6563307
5021	29069	28.4875701
5021	47095	80.9891588
5021	29207	64.3622095
5021	29143	68.9430391
5021	29181	47.1011731
5021	29023	42.7562418
5021	29035	79.5804577
5021	29223	82.8310784
5021	5111	87.0995369
5021	29155	59.7310369
5021	5075	70.5985163
5021	5055	35.7384156
5021	47045	97.2791448
5021	5031	65.2409837
5021	5093	67.6045505
5023	5005	96.5778668
5023	5049	99.431145
5023	5141	35.3333458
5023	5067	72.6269786
5023	5135	87.7261799
5023	5065	68.817743
5023	5063	47.1103819
5023	5137	39.5613978
5023	5129	72.4940009
5023	5029	68.818785
5023	5115	98.5964074
5023	5145	38.445414
5023	5147	77.5857419
5023	5117	85.5306522
5023	5085	67.5524807
5023	5119	85.6065642
5023	5105	88.1336295
5023	5045	56.0854633
5025	5001	82.8324095
5025	5059	84.9183682
5025	5053	50.5516789
5025	5125	84.1856161
5025	5119	96.7905618
5025	5019	93.0366101
5025	5069	36.5449676
5025	5079	36.8660923
5025	5139	91.6396402
5025	5003	85.4792526
5025	5041	68.4655247
5025	5039	36.1802611
5025	5103	74.9599442
5025	5043	45.9758903
5025	5013	48.8121508
5025	5011	38.5793899
5027	5019	93.7208401
5027	22015	86.9416586
5027	22013	97.9004545
5027	22061	96.6646879
5027	22111	93.9900418
5027	22119	62.6518728
5027	22027	51.2430732
5027	5073	29.0100556
5027	5139	56.3100064
5027	5057	60.2364501
5027	5099	52.6185807
5027	5039	95.2443625
5027	5103	51.7316967
5027	5013	78.9987658
5027	5091	70.5684456
5027	48037	90.9853154
5027	48067	99.8848446
5029	5023	68.818785
5029	5141	46.9058949
5029	5137	87.9357668
5029	5101	95.4834479
5029	5129	78.868833
5029	5071	75.7375486
5029	5083	96.6504332
5029	5115	37.2315105
5029	5145	85.1530683
5029	5059	97.3080469
5029	5085	75.1001777
5029	5051	86.0073194
5029	5125	70.5658335
5029	5119	60.6660574
5029	5105	24.9108658
5029	5149	54.2050149
5029	5045	29.7686342
5031	5121	59.5666302
5031	29069	77.4228705
5031	5021	65.2409837
5031	29181	88.7462605
5031	47167	92.2104645
5031	5111	27.8233331
5031	5067	57.2558887
5031	5135	85.5193374
5031	29155	91.3365595
5031	5075	44.2271264
5031	5055	29.5493208
5031	5063	85.152849
5031	5093	60.433152
5031	5035	83.8184144
5031	5147	85.2190304
5031	5037	65.4661218
5031	5123	91.6290144
5033	5007	93.5812287
5033	5143	67.1928026
5033	5087	78.8458497
5033	40021	78.2277728
5033	40001	53.7947879
5033	5071	73.2694761
5033	5047	36.5654339
5033	40135	40.7275475
5033	5083	55.5823955
5033	5127	67.7732773
5033	40079	58.2152175
5033	5149	99.4886119
5033	5131	20.8609071
5033	40061	81.1994598
5035	47167	54.1576992
5035	47075	97.3856255
5035	5111	56.4134322
5035	47097	89.3316153
5035	5031	83.8184144
5035	5093	76.5952234
5035	5147	94.2243009
5035	5037	51.3836579
5035	47047	67.9279039
5035	28107	95.459872
5035	28033	36.2869431
5035	28137	63.9703328
5035	5107	84.7839761
5035	28093	73.4164766
5035	5077	66.9213502
5035	28143	53.355064
5035	5123	53.4412466
5035	47157	29.81902
5037	47167	96.4693074
5037	5111	43.5241742
5037	5067	59.132229
5037	5075	94.6015875
5037	5055	94.0165383
5037	5063	93.4305527
5037	5031	65.4661218
5037	5093	96.1129941
5037	5035	51.3836579
5037	5145	90.0868845
5037	5147	43.3549564
5037	5117	81.9363761
5037	28033	82.6598816
5037	5107	80.6367685
5037	5077	51.9969129
5037	5095	66.4547443
5037	28143	71.8606164
5037	5123	26.4149481
5037	47157	81.2024956
5039	5059	63.5849899
5039	5053	50.0449661
5039	5051	87.2526262
5039	5125	80.5261001
5039	5019	60.5432581
5039	5069	60.3788527
5039	5079	73.0271869
5039	5027	95.2443625
5039	5139	74.4554348
5039	5003	97.8799434
5039	5099	78.5006071
5039	5025	36.1802611
5039	5103	43.6433436
5039	5043	73.9813078
5039	5013	31.0615629
5039	5011	51.4720213
5041	5001	70.3332451
5041	5069	76.9220324
5041	5079	37.718704
5041	28027	92.7076246
5041	28151	58.5179658
5041	5017	51.0893609
5041	5003	78.3630866
5041	28011	59.3582694
5041	5025	68.4655247
5041	28133	79.673124
5041	5043	37.4226811
5041	5011	67.4100678
5043	5001	91.4009831
5043	5053	95.5639459
5043	5069	71.5160562
5043	5079	38.8331789
5043	22067	94.018568
5043	22123	95.8607786
5043	28151	76.9438751
5043	5017	54.7791945
5043	5139	92.7749651
5043	5003	50.5070376
5043	5041	37.4226811
5043	28011	94.4865986
5043	5039	73.9813078
5043	5025	45.9758903
5043	5103	98.0765526
5043	5013	66.2228407
5043	5011	30.4701581
5045	5023	56.0854633
5045	5141	51.4953059
5045	5137	87.0537831
5045	5129	93.8044705
5045	5029	29.7686342
5045	5115	66.8612818
5045	5145	60.0112142
5045	5059	94.7659711
5045	5053	88.485368
5045	5117	83.7601064
5045	5085	45.397832
5045	5051	90.8443883
5045	5125	58.3302691
5045	5119	37.8054366
5045	5105	36.0142012
5045	5149	80.4308968
5047	5143	76.5768098
5047	5087	69.4081198
5047	40001	83.6884031
5047	5101	88.0683668
5047	5071	37.2630606
5047	5033	36.5654339
5047	40135	76.7891209
5047	5083	26.5350976
5047	5115	73.0469185
5047	5127	62.9100545
5047	40079	80.8378566
5047	5149	65.0674037
5047	5131	44.8401813
5049	5121	70.0093134
5049	5089	81.1340418
5049	5005	55.6569325
5049	29181	91.3272927
5049	29153	64.9908743
5049	29149	37.9486729
5049	29091	47.3050805
5049	29067	96.5010788
5049	29203	82.6376885
5049	5023	99.431145
5049	5067	96.116474
5049	5135	31.1072608
5049	5065	31.2980661
5049	5075	71.3815827
5049	5063	71.1381925
5049	5137	66.7950409
5049	5129	94.8427285
5051	5029	86.0073194
5051	5115	89.407865
5051	5059	24.1246389
5051	5053	65.1633197
5051	5097	49.5729454
5051	5125	50.0112037
5051	5119	76.5004927
5051	5105	61.4188005
5051	5149	70.9794318
5051	5045	90.8443883
5051	5061	95.78679
5051	5109	61.14543
5051	5019	45.8836647
5051	5099	90.7731655
5051	5039	87.2526262
5053	5001	87.9767459
5053	5059	44.5181605
5053	5085	77.6466181
5053	5051	65.1633197
5053	5125	33.8739501
5053	5119	52.4783042
5053	5105	83.7176949
5053	5045	88.485368
5053	5019	69.7020356
5053	5069	35.1611941
5053	5079	71.6962976
5053	5039	50.0449661
5053	5025	50.5516789
5053	5103	90.6610216
5053	5043	95.5639459
5053	5013	80.2091234
5053	5011	87.0791755
5055	5121	49.0702224
5055	29069	50.2801575
5055	47095	99.773332
5055	5021	35.7384156
5055	29207	99.6304311
5055	29143	97.4476375
5055	29181	66.1479552
5055	29023	76.3175505
5055	47167	96.2321231
5055	5111	52.4909148
5055	5067	82.3091611
5055	5135	90.3192679
5055	29155	70.5845855
5055	5075	48.7816983
5055	47097	94.8696032
5055	5031	29.5493208
5055	5093	53.6663155
5055	5037	94.0165383
5057	5059	98.9924396
5057	5097	90.8869921
5057	5133	71.9178588
5057	5061	41.1685398
5057	5109	54.2244181
5057	5019	63.6281713
5057	5073	46.2229402
5057	5027	60.2364501
5057	5099	24.6861198
5057	5081	52.9551262
5057	5103	73.9747254
5057	5091	47.3426852
5057	48037	61.19422
5057	48067	93.1921175
5059	5029	97.3080469
5059	5053	44.5181605
5059	5097	69.2096579
5059	5051	24.1246389
5059	5125	41.6010564
5059	5119	70.942943
5059	5105	72.556508
5059	5149	92.6561421
5059	5045	94.7659711
5059	5109	69.5955237
5059	5019	35.7257851
5059	5069	79.5217404
5059	5057	98.9924396
5059	5099	82.1707598
5059	5039	63.5849899
5059	5025	84.9183682
5059	5103	86.7734993
5059	5013	92.410206
5061	5113	67.7724315
5061	5097	64.9752256
5061	5051	95.78679
5061	40089	83.5678105
5061	5133	36.474006
5061	5109	34.7315832
5061	5019	73.4188815
5061	5073	83.9559729
5061	5057	41.1685398
5061	5099	58.6689219
5061	5081	41.0459396
5061	5091	65.1499992
5061	48037	66.6014923
5063	5121	83.1128428
5063	5005	95.2204839
5063	5049	71.1381925
5063	29149	97.4003833
5063	5023	47.1103819
5063	5141	76.2700835
5063	5111	96.2173495
5063	5067	35.6369387
5063	5135	48.3131155
5063	5065	49.2987723
5063	5075	60.4175647
5063	5137	49.2072099
5063	5031	85.152849
5063	5129	96.7328477
5063	5145	58.1009326
5063	5147	65.8435282
5063	5037	93.4305527
5063	5117	99.2438445
5063	5085	99.5264638
5065	5121	85.0526979
5065	5089	70.1596958
5065	5005	48.7331028
5065	5049	31.2980661
5065	29153	72.5244789
5065	29149	68.1431045
5065	29091	74.888869
5065	5023	68.817743
5065	5141	76.8841803
5065	5067	81.4926958
5065	5135	35.4626463
5065	5075	75.9184846
5065	5063	49.2987723
5065	5137	35.7985028
5065	5129	70.9958441
5065	5145	98.2903813
5067	5121	79.4799841
5067	5049	96.116474
5067	5023	72.6269786
5067	5111	62.2474401
5067	5135	66.7104208
5067	5065	81.4926958
5067	5075	52.5211454
5067	5055	82.3091611
5067	5063	35.6369387
5067	5137	84.5639719
5067	5031	57.2558887
5067	5145	63.166523
5067	5147	43.1370838
5067	5037	59.132229
5067	5117	88.7236774
5067	5095	93.8137245
5067	5123	80.0099256
5069	5001	56.5700029
5069	5059	79.5217404
5069	5053	35.1611941
5069	5117	83.5417504
5069	5085	74.9689691
5069	5125	61.206524
5069	5119	64.9833449
5069	5095	96.7064742
5069	5079	39.5148203
5069	5041	76.9220324
5069	5039	60.3788527
5069	5025	36.5449676
5069	5043	71.5160562
5069	5013	82.8232845
5069	5011	74.0724636
5071	5009	94.4264382
5071	5141	95.9450556
5071	5143	93.2007077
5071	5087	69.8818119
5071	5101	63.008555
5071	5129	88.9419981
5071	5047	37.2630606
5071	5033	73.2694761
5071	5029	75.7375486
5071	5083	38.2406099
5071	5115	38.9166997
5071	5105	82.4791873
5071	5127	84.670666
5071	5149	42.8648044
5071	5131	81.5601153
5073	5061	83.9559729
5073	5019	98.2623052
5073	22015	81.9123914
5073	22017	93.4903568
5073	22119	68.3776781
5073	22027	70.257951
5073	5027	29.0100556
5073	5139	85.3173679
5073	5057	46.2229402
5073	5099	51.733505
5073	5081	74.928088
5073	5103	73.9229431
5073	5091	41.8844707
5073	48037	62.2269818
5073	48067	72.7953577
5073	48315	97.9155395
5075	5121	26.9867836
5075	29069	94.7251799
5075	5021	70.5985163
5075	5049	71.3815827
5075	29181	66.6167673
5075	29149	70.6307924
5075	29023	95.8279506
5075	29035	98.9147481
5075	5111	69.3307541
5075	5067	52.5211454
5075	5135	42.5487327
5075	5065	75.9184846
5075	5055	48.7816983
5075	5063	60.4175647
5075	5137	99.2940604
5075	5031	44.2271264
5075	5093	99.2904447
5075	5147	94.5846135
5075	5037	94.6015875
5077	5111	92.9190288
5077	5035	66.9213502
5077	5147	66.1315829
5077	5037	51.9969129
5077	5001	75.7477836
5077	28107	90.5704453
5077	5117	70.0210902
5077	28033	76.3452307
5077	28137	77.0975033
5077	5107	29.0525724
5077	5095	40.5130054
5077	28143	39.865224
5077	5123	25.5887069
5077	47157	88.9734223
5077	28027	65.3282393
5077	28119	73.7944435
5079	5001	54.5115176
5079	5053	71.6962976
5079	5069	39.5148203
5079	28151	95.6214581
5079	5017	82.752153
5079	5003	89.2679587
5079	5041	37.718704
5079	28011	92.4289145
5079	5039	73.0271869
5079	5025	36.8660923
5079	5043	38.8331789
5079	5013	81.3761731
5079	5011	55.9303955
5081	5113	91.3531259
5081	40089	66.3312788
5081	5133	36.2832794
5081	5061	41.0459396
5081	5109	75.5446708
5081	48449	92.3062473
5081	5073	74.928088
5081	5057	52.9551262
5081	5099	77.5439841
5081	48387	81.8960422
5081	5091	38.5207317
5081	48037	29.4034369
5081	48343	85.4222055
5081	48067	69.6802471
5083	5087	92.7188699
5083	5071	38.2406099
5083	5047	26.5350976
5083	5033	55.5823955
5083	40135	91.5067055
5083	5029	96.6504332
5083	5115	61.5768374
5083	5113	90.4636931
5083	5097	80.1102375
5083	5105	93.4535032
