county1	county2	distance
1001	1021	45.6715198
1001	1051	26.0257583
1001	1101	29.0924003
1001	1085	39.3600221
1003	1097	41.8458308
1003	12033	47.2470211
1005	13061	36.5259579
1005	13239	21.9978063
1005	1011	47.7348106
1005	1067	40.8216731
1007	1125	41.8531639
1007	1021	44.4735974
1007	1117	46.3743344
1009	1095	48.2300327
1009	1043	31.9516324
1009	1115	38.6666932
1011	1087	34.4295038
1011	1005	47.7348106
1011	1109	43.4033125
1013	1085	43.3654878
1013	1041	33.8618994
1015	1055	37.268573
1015	1029	31.9090389
1017	13285	29.3987748
1017	13145	39.0457417
1017	1111	46.6357264
1017	1081	31.1805013
1019	1049	35.1844223
1019	13055	43.8291805
1019	13115	41.8847736
1019	13233	45.6775911
1019	1055	40.8685528
1021	1007	44.4735974
1021	1117	46.182827
1021	1001	45.6715198
1023	28023	44.2730933
1025	1099	47.5012999
1025	1129	46.5869113
1027	1123	46.8127662
1027	1037	45.3800727
1027	1111	36.5631389
1027	1121	34.2583178
1027	1029	49.9297751
1029	13143	32.1286031
1029	1111	41.8470107
1029	1027	49.9297751
1029	13045	41.6434082
1029	1015	31.9090389
1031	1061	30.957914
1031	1109	48.3095908
1031	1045	25.2209564
1031	1039	48.7518636
1033	1077	17.3430519
1033	1059	30.8723438
1033	1079	42.7212949
1033	28141	49.647098
1035	1053	45.6362351
1035	1099	35.8855202
1037	1123	30.3643643
1037	1027	45.3800727
1037	1121	44.0692567
1037	1051	46.7562527
1039	1031	48.7518636
1041	1109	33.2996931
1041	1013	33.8618994
1043	1103	40.1705356
1043	1009	31.9516324
1045	1061	35.0734126
1045	1067	36.894098
1045	1031	25.2209564
1045	1069	30.978145
1047	1105	36.7310946
1047	1085	47.766127
1049	1095	46.5144114
1049	1071	32.7346922
1049	13055	43.5792934
1049	1019	35.1844223
1051	1123	46.9657394
1051	1037	46.7562527
1051	1001	26.0257583
1051	1101	23.7988564
1053	1099	46.9554591
1053	1035	45.6362351
1055	1095	41.3242297
1055	1019	40.8685528
1055	1015	37.268573
1057	1093	43.9119772
1057	1075	31.6314743
1057	1127	49.2250375
1059	1077	48.1745577
1059	1079	48.6432171
1059	1033	30.8723438
1059	28141	49.3899536
1059	1133	47.8762078
1059	1093	39.4750127
1061	12059	27.5696993
1061	1045	35.0734126
1061	1031	30.957914
1061	1069	39.7747556
1063	1065	28.5013676
1063	1119	40.5548745
1065	1125	49.7319283
1065	1063	28.5013676
1065	1105	32.3623732
1067	13061	29.7050915
1067	13239	46.0397264
1067	13099	37.1906457
1067	1005	40.8216731
1067	1045	36.894098
1067	1069	32.6162735
1069	13099	47.2662258
1069	12063	47.9528449
1069	1061	39.7747556
1069	1067	32.6162735
1069	1045	30.978145
1071	1049	32.7346922
1071	13083	43.6596283
1073	1117	26.320208
1073	1115	44.1874978
1075	1093	44.4707152
1075	28087	37.9909568
1075	1057	31.6314743
1075	28095	40.1996867
1077	47181	46.5530822
1077	47099	47.0417235
1077	1059	48.1745577
1077	1079	47.2347306
1077	1033	17.3430519
1079	1083	42.9415994
1079	1077	47.2347306
1079	1059	48.6432171
1079	1103	31.4636135
1079	1033	42.7212949
1079	1133	44.2404142
1081	13053	49.9077915
1081	1017	31.1805013
1081	13145	44.0063383
1081	13215	40.3570979
1081	1113	32.3400895
1081	1087	39.0377288
1083	47055	42.6022438
1083	1089	30.72809
1083	1103	33.5181051
1083	1079	42.9415994
1083	47103	46.4280831
1085	1001	39.3600221
1085	1047	47.766127
1085	1101	40.748342
1085	1013	43.3654878
1087	1123	49.5364243
1087	1081	39.0377288
1087	1011	34.4295038
1089	1083	30.72809
1089	1103	38.8664698
1089	47103	40.3066043
1091	1105	48.527613
1091	1119	48.158588
1093	1059	39.4750127
1093	1133	42.5959936
1093	1075	44.4707152
1093	1057	43.9119772
1095	1049	46.5144114
1095	1055	41.3242297
1095	1009	48.2300327
1097	28039	45.3624975
1097	1003	41.8458308
1099	1053	46.9554591
1099	1025	47.5012999
1099	1035	35.8855202
1101	1051	23.7988564
1101	1001	29.0924003
1101	1085	40.748342
1103	1089	38.8664698
1103	1083	33.5181051
1103	1079	31.4636135
1103	1043	40.1705356
1105	1065	32.3623732
1105	1047	36.7310946
1105	1091	48.527613
1107	28103	48.4388289
1107	28087	39.0985305
1109	1011	43.4033125
1109	1041	33.2996931
1109	1031	48.3095908
1111	1017	46.6357264
1111	13285	44.2664994
1111	1027	36.5631389
1111	1029	41.8470107
1111	13149	29.7392884
1113	13053	17.6216904
1113	13259	48.2129521
1113	13145	34.6770848
1113	1081	32.3400895
1113	13215	14.6608703
1115	1009	38.6666932
1115	1121	37.0583875
1115	1073	44.1874978
1117	1021	46.182827
1117	1007	46.3743344
1117	1073	26.320208
1119	28075	47.2027176
1119	28069	46.5077751
1119	1063	40.5548745
1119	1091	48.158588
1121	1037	44.0692567
1121	1027	34.2583178
1121	1115	37.0583875
1123	1037	30.3643643
1123	1027	46.8127662
1123	1051	46.9657394
1123	1087	49.5364243
1125	1007	41.8531639
1125	1065	49.7319283
1127	1133	39.5032447
1127	1057	49.2250375
1129	28041	48.2846512
1129	1025	46.5869113
1133	1059	47.8762078
1133	1079	44.2404142
1133	1093	42.5959936
1133	1127	39.5032447
2060	2164	36.94919
2100	2230	26.3761396
2164	2060	36.94919
2230	2100	26.3761396
5001	5095	47.0239109
5003	22067	43.7193696
5003	5011	48.4152255
5005	5089	25.5923168
5005	29153	32.5451622
5005	5065	48.7331028
5007	29119	34.623934
5007	5143	27.5301269
5009	5089	39.1260931
5009	29213	43.9893987
5009	5015	43.8350924
5009	5101	32.1023202
5011	5003	48.4152255
5011	5025	38.5793899
5011	5043	30.4701581
5011	5013	36.4187358
5013	5139	44.9258507
5013	5039	31.0615629
5013	5025	48.8121508
5013	5103	31.8543823
5013	5011	36.4187358
5015	29213	46.4060534
5015	29209	40.0951208
5015	29009	47.9594921
5015	5009	43.8350924
5015	5087	38.411257
5017	28151	29.0818658
5019	5059	35.7257851
5019	5051	45.8836647
5019	5109	47.1414135
5019	5099	46.6818524
5021	29069	28.4875701
5021	29181	47.1011731
5021	29023	42.7562418
5021	5055	35.7384156
5023	5141	35.3333458
5023	5063	47.1103819
5023	5137	39.5613978
5023	5145	38.445414
5025	5069	36.5449676
5025	5079	36.8660923
5025	5039	36.1802611
5025	5043	45.9758903
5025	5013	48.8121508
5025	5011	38.5793899
5027	5073	29.0100556
5029	5141	46.9058949
5029	5115	37.2315105
5029	5105	24.9108658
5029	5045	29.7686342
5031	5111	27.8233331
5031	5075	44.2271264
5031	5055	29.5493208
5033	5047	36.5654339
5033	40135	40.7275475
5033	5131	20.8609071
5035	28033	36.2869431
5035	47157	29.81902
5037	5111	43.5241742
5037	5147	43.3549564
5037	5123	26.4149481
5039	5025	36.1802611
5039	5103	43.6433436
5039	5013	31.0615629
5041	5079	37.718704
5041	5043	37.4226811
5043	5079	38.8331789
5043	5041	37.4226811
5043	5025	45.9758903
5043	5011	30.4701581
5045	5029	29.7686342
5045	5085	45.397832
5045	5119	37.8054366
5045	5105	36.0142012
5047	5071	37.2630606
5047	5033	36.5654339
5047	5083	26.5350976
5047	5131	44.8401813
5049	29149	37.9486729
5049	29091	47.3050805
5049	5135	31.1072608
5049	5065	31.2980661
5051	5059	24.1246389
5051	5097	49.5729454
5051	5019	45.8836647
5053	5059	44.5181605
5053	5125	33.8739501
5053	5069	35.1611941
5055	5121	49.0702224
5055	5021	35.7384156
5055	5075	48.7816983
5055	5031	29.5493208
5057	5061	41.1685398
5057	5073	46.2229402
5057	5099	24.6861198
5057	5091	47.3426852
5059	5053	44.5181605
5059	5051	24.1246389
5059	5125	41.6010564
5059	5019	35.7257851
5061	5133	36.474006
5061	5109	34.7315832
5061	5057	41.1685398
5061	5081	41.0459396
5063	5023	47.1103819
5063	5067	35.6369387
5063	5135	48.3131155
5063	5065	49.2987723
5063	5137	49.2072099
5065	5005	48.7331028
5065	5049	31.2980661
5065	5135	35.4626463
5065	5063	49.2987723
5065	5137	35.7985028
5067	5063	35.6369387
5067	5147	43.1370838
5069	5053	35.1611941
5069	5079	39.5148203
5069	5025	36.5449676
5071	5047	37.2630606
5071	5083	38.2406099
5071	5115	38.9166997
5071	5149	42.8648044
5073	5027	29.0100556
5073	5057	46.2229402
5073	5091	41.8844707
5075	5121	26.9867836
5075	5135	42.5487327
5075	5055	48.7816983
5075	5031	44.2271264
5077	5107	29.0525724
5077	5095	40.5130054
5077	28143	39.865224
5077	5123	25.5887069
5079	5069	39.5148203
5079	5041	37.718704
5079	5025	36.8660923
5079	5043	38.8331789
5081	5133	36.2832794
5081	5061	41.0459396
5081	5091	38.5207317
5081	48037	29.4034369
5083	5071	38.2406099
5083	5047	26.5350976
5083	5127	46.4757192
5083	5149	45.0858486
5085	5145	41.9473288
5085	5117	39.9499345
5085	5119	34.3828272
5085	5045	45.397832
5087	5015	38.411257
5087	5143	37.6450189
5089	5005	25.5923168
5089	29153	43.2911252
5089	5009	39.1260931
5089	5129	40.2255177
5091	5073	41.8844707
5091	5057	47.3426852
5091	5081	38.5207317
5091	48037	20.4234343
5091	48067	45.9840897
5093	47167	46.4362105
5093	29155	43.8968455
5093	47097	42.1914671
5095	5001	47.0239109
5095	5117	30.4322933
5095	5077	40.5130054
5095	5123	48.6319762
5097	5051	49.5729454
5097	5109	36.6631211
5099	5019	46.6818524
5099	5057	24.6861198
5101	5009	32.1023202
5101	5129	46.5356746
5103	5139	44.6557942
5103	5039	43.6433436
5103	5013	31.8543823
5105	5029	24.9108658
5105	5115	45.0498137
5105	5125	49.8920837
5105	5119	49.4679165
5105	5149	48.3696966
5105	5045	36.0142012
5107	5077	29.0525724
5107	28143	38.5226284
5107	28027	36.4433498
5107	28119	49.8391512
5109	5097	36.6631211
5109	5061	34.7315832
5109	5019	47.1414135
5111	5031	27.8233331
5111	5037	43.5241742
5113	5127	45.4923661
5115	5071	38.9166997
5115	5029	37.2315105
5115	5105	45.0498137
5115	5149	27.301517
5117	5145	47.6528714
5117	5147	48.9770925
5117	5085	39.9499345
5117	5095	30.4322933
5119	5085	34.3828272
5119	5125	29.37234
5119	5105	49.4679165
5119	5045	37.8054366
5121	29181	39.9338784
5121	5135	49.7092218
5121	5075	26.9867836
5121	5055	49.0702224
5123	5037	26.4149481
5123	5077	25.5887069
5123	5095	48.6319762
5125	5059	41.6010564
5125	5053	33.8739501
5125	5119	29.37234
5125	5105	49.8920837
5127	5083	46.4757192
5127	5113	45.4923661
5129	5089	40.2255177
5129	5141	44.9252354
5129	5137	47.610094
5129	5101	46.5356746
5131	5047	44.8401813
5131	5033	20.8609071
5131	40135	38.1385676
5131	40079	38.6159201
5133	40089	47.2445652
5133	5061	36.474006
5133	5081	36.2832794
5135	5121	49.7092218
5135	5049	31.1072608
5135	29149	49.1359845
5135	5065	35.4626463
5135	5075	42.5487327
5135	5063	48.3131155
5137	5023	39.5613978
5137	5141	41.1262745
5137	5065	35.7985028
5137	5063	49.2072099
5137	5129	47.610094
5139	5103	44.6557942
5139	5013	44.9258507
5141	5023	35.3333458
5141	5137	41.1262745
5141	5129	44.9252354
5141	5029	46.9058949
5143	5007	27.5301269
5143	5087	37.6450189
5143	40001	47.6222424
5145	5023	38.445414
5145	5147	46.8047495
5145	5117	47.6528714
5145	5085	41.9473288
5147	5067	43.1370838
5147	5145	46.8047495
5147	5037	43.3549564
5147	5117	48.9770925
5149	5071	42.8648044
5149	5083	45.0858486
5149	5115	27.301517
5149	5105	48.3696966
6001	6013	26.3533887
6001	6075	30.3150664
6001	6081	26.3705908
6001	6085	46.5022484
6003	32510	49.3560918
6003	32005	26.6275349
6005	6009	28.4783311
6005	6017	39.2749127
6007	6021	40.2083522
6009	6005	28.4783311
6009	6109	34.2031358
6011	6115	49.973226
6011	6101	38.1264222
6013	6095	33.5321372
6013	6041	45.6769768
6013	6001	26.3533887
6013	6075	40.8345628
6013	6081	49.5490539
6017	6005	39.2749127
6017	6061	39.5073991
6019	6039	39.9350563
6021	6007	40.2083522
6031	6107	44.6035471
6039	6019	39.9350563
6041	6097	49.8830591
6041	6055	42.866542
6041	6013	45.6769768
6041	6075	26.9980572
6047	6099	47.6541662
6053	6087	48.9160319
6053	6069	33.6295975
6055	6097	36.0373746
6055	6095	24.3756106
6055	6041	42.866542
6057	6061	47.604604
6061	6017	39.5073991
6061	6057	47.604604
6061	6067	35.1579908
6061	6115	43.0931269
6067	6061	35.1579908
6067	6113	29.7697139
6069	6087	49.9316148
6069	6053	33.6295975
6075	6013	40.8345628
6075	6041	26.9980572
6075	6001	30.3150664
6075	6081	23.3780374
6077	6099	45.9873651
6081	6013	49.5490539
6081	6001	26.3705908
6081	6075	23.3780374
6081	6085	47.0188096
6085	6001	46.5022484
6085	6081	47.0188096
6085	6087	36.7607202
6087	6085	36.7607202
6087	6069	49.9316148
6087	6053	48.9160319
6095	6055	24.3756106
6095	6013	33.5321372
6097	6055	36.0373746
6097	6041	49.8830591
6099	6077	45.9873651
6099	6047	47.6541662
6101	6011	38.1264222
6101	6115	11.8874331
6107	6031	44.6035471
6109	6009	34.2031358
6113	6067	29.7697139
6115	6011	49.973226
6115	6061	43.0931269
6115	6101	11.8874331
8001	8035	43.450249
8001	8005	26.1606084
8001	8031	17.1604173
8001	8059	24.2522835
8001	8047	47.2129534
8001	8014	12.9488233
8001	8013	30.3206017
8003	8105	35.171831
8003	8109	49.6637893
8003	8021	33.4522624
8003	8023	44.0019054
8005	8039	40.636651
8005	8035	18.2731288
8005	8031	12.4373624
8005	8059	25.5282043
8005	8001	26.1606084
8005	8014	36.820583
8011	8089	43.6288274
8013	8031	42.736093
8013	8059	38.4041122
8013	8019	48.8653627
8013	8001	30.3206017
8013	8047	34.1130807
8013	8014	17.8125609
8013	8123	44.6728432
8013	8069	49.5883688
8014	8005	36.820583
8014	8031	25.4467287
8014	8059	24.8596676
8014	8019	47.53913
8014	8001	12.9488233
8014	8047	37.304229
8014	8013	17.8125609
8014	8123	49.069659
8017	8061	43.0812626
8019	8031	49.1594855
8019	8117	47.5569965
8019	8059	34.3007253
8019	8047	16.5678501
8019	8014	47.53913
8019	8093	45.3268152
8019	8013	48.8653627
8021	8003	33.4522624
8021	8023	48.8007595
8023	8003	44.0019054
8023	8021	48.8007595
8025	8089	25.3030932
8027	8043	35.8674481
8029	8085	35.5792858
8031	8035	27.0410338
8031	8005	12.4373624
8031	8059	14.8598558
8031	8019	49.1594855
8031	8001	17.1604173
8031	8047	47.3353495
8031	8014	25.4467287
8031	8013	42.736093
8033	8083	44.7742073
8035	8039	32.9842667
8035	8005	18.2731288
8035	8031	27.0410338
8035	8059	33.7579012
8035	8001	43.450249
8037	8097	43.9495759
8039	8035	32.9842667
8039	8005	40.636651
8041	8119	33.9539227
8043	8027	35.8674481
8047	8031	47.3353495
8047	8059	33.6436447
8047	8019	16.5678501
8047	8001	47.2129534
8047	8014	37.304229
8047	8013	34.1130807
8047	8049	47.3742616
8049	8047	47.3742616
8053	8111	39.4134293
8053	8079	38.5897352
8053	8091	42.4573588
8059	8035	33.7579012
8059	8005	25.5282043
8059	8031	14.8598558
8059	8019	34.3007253
8059	8001	24.2522835
8059	8047	33.6436447
8059	8014	24.8596676
8059	8013	38.4041122
8061	8099	44.5709849
8061	8017	43.0812626
8065	8117	42.4075381
8069	8013	49.5883688
8069	8123	32.8239796
8079	8053	38.5897352
8083	8033	44.7742073
8085	8091	41.1469359
8085	8029	35.5792858
8089	8011	43.6288274
8089	8025	25.3030932
8091	8113	26.2664748
8091	8111	37.8064217
8091	8053	42.4573588
8091	8085	41.1469359
8093	8117	47.106832
8093	8019	45.3268152
8095	8115	40.4255838
8097	8037	43.9495759
8099	8061	44.5709849
8105	8109	38.4030209
8105	8003	35.171831
8109	8105	38.4030209
8109	8003	49.6637893
8111	8113	31.4054085
8111	8053	39.4134293
8111	8091	37.8064217
8113	8111	31.4054085
8113	8091	26.2664748
8115	31049	14.3730078
8115	8095	40.4255838
8117	8019	47.5569965
8117	8093	47.106832
8117	8065	42.4075381
8119	8041	33.9539227
8123	8014	49.069659
8123	8013	44.6728432
8123	8069	32.8239796
9001	36103	47.8002628
9001	36119	41.2916937
9001	36079	37.1440917
9001	9009	41.0587539
9003	9009	44.7595411
9003	9007	33.7567743
9003	9005	39.1939665
9003	9013	29.982498
9003	25013	42.1398524
9005	9009	42.1868076
9005	9003	39.1939665
9007	9009	32.1782578
9007	9011	39.6788361
9007	9003	33.7567743
9007	9013	43.7540563
9009	9001	41.0587539
9009	9007	32.1782578
9009	9005	42.1868076
9009	9003	44.7595411
9011	9007	39.6788361
9011	9015	41.0228322
9011	9013	49.9226308
9011	44009	42.4416412
9013	9007	43.7540563
9013	9011	49.9226308
9013	9003	29.982498
9013	9015	31.541594
9013	25013	35.6861511
9015	9011	41.0228322
9015	9013	31.541594
9015	44007	45.4826211
9015	44003	43.6546772
10001	24029	45.1579047
10001	24011	36.3565835
10003	42029	34.2245692
10003	42045	35.8987393
10003	34015	43.9314785
10003	34033	23.0153403
10003	24015	27.0655539
10005	24011	48.1863556
10005	24045	38.893985
10005	24047	41.1830105
11001	51107	45.5422378
11001	24027	36.9597027
11001	24003	39.9328445
11001	24031	21.6898054
11001	24033	10.7781
11001	24017	37.2678921
11001	51600	25.7660255
11001	51059	22.4220974
11001	51685	40.6382362
11001	51683	43.5384373
11001	51610	14.1115195
11001	51013	8.44444389
11001	51510	12.0969294
11001	51153	42.0068924
12001	12125	38.4561575
12001	12007	40.5579996
12001	12041	40.9352143
12001	12075	41.738984
12003	12125	34.9986336
12003	12007	37.6558034
12003	12023	49.0944476
12003	12019	43.4973987
12005	12133	49.4604784
12005	12045	45.5625547
12007	12125	22.9300616
12007	12001	40.5579996
12007	12019	34.8483085
12007	12003	37.6558034
12011	12086	40.6117712
12013	12063	38.5471645
12013	12077	21.96877
12015	12115	41.2326981
12015	12027	36.3613783
12015	12071	49.5883206
12017	12083	44.4551935
12017	12119	40.9403544
12017	12053	40.1151487
12019	12007	34.8483085
12019	12109	38.2752586
12019	12003	43.4973987
12019	12031	29.397828
12021	12071	44.606346
12023	12125	31.910477
12023	12121	32.9483022
12023	12003	49.0944476
12023	12041	48.9735795
12027	12049	40.2006337
12027	12015	36.3613783
12029	12067	49.4036579
12029	12041	25.213824
12029	12075	47.1460423
12031	12089	34.2892195
12031	12109	40.8197597
12031	12019	29.397828
12033	12113	23.8728884
12033	1003	47.2470211
12035	12107	48.8861495
12037	12045	47.7074969
12039	13253	49.8109247
12039	13087	32.2710615
12039	13131	47.2420271
12039	12073	33.220189
12039	12077	38.0683492
12041	12001	40.9352143
12041	12023	48.9735795
12041	12029	25.213824
12041	12075	38.6199844
12043	12051	21.2673575
12045	12005	45.5625547
12045	12037	47.7074969
12047	13101	23.7494569
12047	13185	47.9014967
12047	12079	41.6411521
12047	12121	31.9092117
12049	12055	38.0472673
12049	12027	40.2006337
12051	12043	21.2673575
12053	12101	27.1121921
12053	12017	40.1151487
12055	12049	38.0472673
12057	12103	33.1763189
12057	12101	33.6380252
12059	12133	25.3310982
12059	1061	27.5696993
12061	12111	38.1007985
12063	13253	38.3488147
12063	12133	42.4978974
12063	12013	38.5471645
12063	1069	47.9528449
12065	13275	41.0114952
12065	12079	43.8052158
12065	12073	37.0469097
12067	12123	40.2665913
12067	12121	24.8264553
12067	12029	49.4036579
12069	12119	29.379904
12069	12117	43.2659979
12069	12095	42.3790241
12071	12015	49.5883206
12071	12021	44.606346
12073	13131	46.6401284
12073	12065	37.0469097
12073	12039	33.220189
12073	12129	31.7460329
12075	12001	41.738984
12075	12041	38.6199844
12075	12029	47.1460423
12077	12039	38.0683492
12077	12013	21.96877
12079	13101	44.2770489
12079	13027	42.3960608
12079	13185	45.0940285
12079	12047	41.6411521
12079	12065	43.8052158
12079	12123	48.1076204
12081	12115	31.7672287
12083	12119	35.9858405
12083	12017	44.4551935
12085	12111	24.0811292
12086	12011	40.6117712
12089	13049	40.7122316
12089	13039	22.9575771
12089	12031	34.2892195
12091	12131	36.3317797
12091	12113	45.0071254
12093	12111	46.9153729
12095	12117	19.7133956
12095	12097	29.5880984
12095	12069	42.3790241
12097	12117	48.4614746
12097	12105	48.516927
12097	12095	29.5880984
12101	12103	45.2713256
12101	12057	33.6380252
12101	12053	27.1121921
12103	12101	45.2713256
12103	12057	33.1763189
12105	12097	48.516927
12107	12035	48.8861495
12109	12019	38.2752586
12109	12031	40.8197597
12111	12061	38.1007985
12111	12093	46.9153729
12111	12085	24.0811292
12113	12091	45.0071254
12113	12033	23.8728884
12115	12081	31.7672287
12115	12015	41.2326981
12117	12127	45.5735934
12117	12097	48.4614746
12117	12095	19.7133956
12117	12069	43.2659979
12119	12083	35.9858405
12119	12069	29.379904
12119	12017	40.9403544
12121	12047	31.9092117
12121	12067	24.8264553
12121	12023	32.9483022
12123	12079	48.1076204
12123	12067	40.2665913
12125	12001	38.4561575
12125	12007	22.9300616
12125	12023	31.910477
12125	12003	34.9986336
12127	12117	45.5735934
12129	12073	31.7460329
12131	12091	36.3317797
12133	12063	42.4978974
12133	12059	25.3310982
12133	12005	49.4604784
13001	13279	45.675639
13001	13209	47.4497792
13001	13267	40.3902263
13001	13305	43.5773925
13001	13161	26.1372076
13001	13005	27.9470202
13003	13069	22.5160029
13003	13155	49.2007273
13003	13173	36.8937732
13003	13065	36.0535581
13003	13299	48.7995268
13003	13019	35.8767104
13003	13005	47.3692421
13005	13069	35.6722903
13005	13299	36.4700445
13005	13003	47.3692421
13005	13229	33.5725622
13005	13161	35.8679009
13005	13001	27.9470202
13007	13095	39.1210841
13007	13037	32.7854643
13007	13177	48.5138494
13007	13201	32.8684312
13007	13087	48.3095626
13007	13099	45.5534381
13007	13205	27.2199937
13009	13021	49.8709902
13009	13289	45.2825928
13009	13319	26.7539534
13009	13169	31.0760574
13009	13303	46.097862
13009	13141	29.592319
13009	13237	27.2613033
13011	13119	29.5703578
13011	13147	49.7321197
13011	13311	35.2982654
13011	13257	30.3706588
13011	13137	23.9997475
13011	13187	48.0869604
13011	13157	25.4095558
13011	13195	36.744597
13011	13139	32.1755826
13011	13059	46.0512177
13011	13013	44.7123965
13013	13011	44.7123965
13013	13117	44.461333
13013	13247	47.5180281
13013	13211	49.050596
13013	13217	49.6202717
13013	13157	20.2910411
13013	13195	46.5362226
13013	13139	33.1756717
13013	13135	30.811605
13013	13297	22.5960553
13013	13219	28.1050035
13013	13059	32.3156692
13015	13227	44.93067
13015	13129	33.0533466
13015	13057	30.8928718
13015	13115	32.9684763
13015	13067	38.648213
13015	13223	33.6838792
13015	13233	38.8180604
13017	13271	46.4389627
13017	13287	36.8457302
13017	13277	39.4979596
13017	13069	45.2320934
13017	13155	14.011746
13017	13315	31.2657293
13019	13277	34.602214
13019	13069	49.7994283
13019	13155	40.7927244
13019	13185	42.512168
13019	13173	27.3325209
13019	13003	35.8767104
13019	13071	49.5059266
13019	13075	19.1066134
13021	13225	30.5470864
13021	13153	29.0461689
13021	13079	26.903819
13021	13289	29.0713275
13021	13319	41.8454905
13021	13207	30.7526423
13021	13169	19.6246546
13021	13009	49.8709902
13023	13091	25.612115
13023	13235	19.7550422
13023	13093	49.8148827
13023	13315	47.8940755
13023	13153	36.3787494
13023	13175	40.1865743
13023	13289	34.5274884
13025	13049	48.8154339
13025	13299	39.385983
13025	13229	27.923492
13025	13127	46.0018756
13025	13305	44.208952
13027	13275	39.0924594
13027	13101	48.3902657
13027	13185	24.8619025
13027	13173	47.9314018
13027	13071	43.5249413
13027	13075	35.9514871
13027	12079	42.3960608
13029	13051	24.3621078
13029	13103	35.4571388
13029	13183	40.4750977
13029	13179	25.4907417
13031	13267	49.7064035
13031	13109	30.7618814
13031	13103	45.685433
13031	13043	28.218016
13031	13165	45.448078
13031	13251	36.2152533
13033	13073	48.6091919
13033	13245	36.4334877
13033	13165	34.4745497
13033	13163	38.3589939
13035	13247	38.7555439
13035	13217	31.1556222
13035	13231	42.6978777
13035	13171	29.5268603
13035	13207	29.2737133
13035	13255	28.5169468
13035	13159	23.7808188
13035	13151	27.6284754
13035	13063	46.2993367
13037	13273	35.4242934
13037	13243	27.2600802
13037	13095	47.7312563
13037	13177	49.9040443
13037	13061	34.7423099
13037	13201	41.4032905
13037	13099	32.066859
13037	13007	32.7854643
13039	12089	22.9575771
13039	13049	37.2410268
13039	13127	45.4652541
13043	13283	49.5396274
13043	13279	37.3748332
13043	13267	39.5913895
13043	13109	29.4517923
13043	13031	28.218016
13043	13107	30.9601097
13043	13165	45.1357212
13045	13223	37.9214053
13045	13233	44.9108074
13045	13143	20.2775912
13045	13097	30.8772229
13045	1029	41.6434082
13045	13149	35.368794
13045	13077	39.336063
13047	47011	38.9370097
13047	13295	14.9639283
13047	13313	24.1401362
13047	13213	38.3249934
13047	13083	29.982282
13047	47115	44.1608033
13047	47065	18.657598
13049	12089	40.7122316
13049	13039	37.2410268
13049	13025	48.8154339
13051	13029	24.3621078
13051	13103	32.7713353
13051	13179	48.5363031
13051	45053	44.8808704
13051	45013	46.2422068
13053	13307	45.7212263
13053	13197	35.5237423
13053	13259	33.0923868
13053	13145	39.5542527
13053	13263	49.7670336
13053	1081	49.9077915
13053	13215	16.7240978
13053	1113	17.6216904
13055	13129	39.8983849
13055	1049	43.5792934
13055	13295	38.2038482
13055	13313	47.8651281
13055	13083	45.2653747
13055	1019	43.8291805
13055	13115	30.4762636
13057	13085	44.3168411
13057	13227	32.2211084
13057	13117	32.5258189
13057	13015	30.8928718
13057	13135	47.0990532
13057	13067	25.7950375
13057	13223	41.6025577
13057	13121	38.2838685
13057	13089	48.0474501
13059	13011	46.0512177
13059	13211	40.1299698
13059	13133	48.7634765
13059	13157	27.5873456
13059	13195	21.4690258
13059	13297	41.0394023
13059	13219	10.9728819
13059	13221	22.0893042
13059	13013	32.3156692
13061	13243	27.9764751
13061	13037	34.7423099
13061	13239	25.8371985
13061	13099	34.7911067
13061	1005	36.5259579
13061	1067	29.7050915
13063	13247	33.1167132
13063	13217	43.1815054
13063	13067	46.9738696
13063	13121	31.5677628
13063	13089	28.3336935
13063	13097	39.3988251
13063	13255	33.8603417
13063	13077	39.7506055
13063	13035	46.2993367
13063	13151	19.3456186
13063	13113	19.7104775
13065	13101	45.8045234
13065	13173	33.3990457
13065	13299	41.1667636
13065	13003	36.0535581
13067	13057	25.7950375
13067	13117	47.2678426
13067	13015	38.648213
13067	13135	46.1244447
13067	13223	24.2339589
13067	13121	19.2940302
13067	13089	33.3074779
13067	13097	29.2559159
13067	13063	46.9738696
13069	13155	42.8547101
13069	13003	22.5160029
13069	13019	49.7994283
13069	13161	43.4159607
13069	13005	35.6722903
13069	13017	45.2320934
13071	13321	40.413891
13071	13277	38.7904854
13071	13275	38.6898054
13071	13027	43.5249413
13071	13205	38.5757357
13071	13019	49.5059266
13071	13075	32.9282271
13073	45003	36.7856055
13073	13189	28.9075526
13073	13245	14.6596051
13073	13301	47.6778365
13073	45065	42.4730147
13073	45037	32.250169
13073	13181	39.2817544
13073	13033	48.6091919
13075	13277	34.9359528
13075	13027	35.9514871
13075	13185	35.3469447
13075	13173	34.2214301
13075	13019	19.1066134
13075	13071	32.9282271
13077	13097	38.4522258
13077	13285	46.9497813
13077	13199	41.5924689
13077	13231	46.0728722
13077	13045	39.336063
13077	13255	45.0833471
13077	13149	35.8699443
13077	13063	39.7506055
13077	13113	21.4895927
13079	13193	43.6671479
13079	13021	26.903819
13079	13293	42.7157368
13079	13269	30.9906613
13079	13225	16.8009248
13079	13153	29.5167903
13079	13289	48.4383994
13079	13171	46.2339559
13079	13207	36.8386978
13079	13169	46.0499168
13081	13235	45.9345186
13081	13193	48.6006127
13081	13093	24.4277059
13081	13261	43.6841324
13081	13321	46.5138828
13081	13287	30.5352088
13081	13177	47.7200822
13081	13315	35.2349934
13083	1071	43.6596283
13083	13055	45.2653747
13083	13295	19.2720335
13083	13313	49.5111961
13083	13047	29.982282
13083	47115	27.0263156
13083	47065	35.4415313
13085	13227	31.6014846
13085	13123	46.3591371
13085	13311	39.7531517
13085	13187	17.4473089
13085	13057	44.3168411
13085	13117	23.2516326
13085	13139	27.6476286
13087	13253	29.895511
13087	13201	34.1071943
13087	13131	33.9854381
13087	13007	48.3095626
13087	12039	32.2710615
13089	13057	48.0474501
13089	13117	46.0502839
13089	13247	26.6729283
13089	13217	40.7130269
13089	13135	25.1620632
13089	13067	33.3074779
13089	13121	14.3872644
13089	13097	45.5572081
13089	13297	42.8618136
13089	13151	35.5534063
13089	13063	28.3336935
13089	13113	47.1004182
13091	13309	40.6066036
13091	13271	34.5233589
13091	13235	29.4908622
13091	13315	34.1757146
13091	13023	25.612115
13091	13175	41.1005915
13093	13235	30.9913501
13093	13193	29.6640352
13093	13249	49.8547243
13093	13261	42.9205381
13093	13315	41.5897536
13093	13081	24.4277059
13093	13023	49.8148827
13093	13225	46.5909317
13093	13153	46.3362638
13095	13321	29.3362165
13095	13273	33.1587926
13095	13037	47.7312563
13095	13177	11.9957863
13095	13007	39.1210841
13095	13205	39.6513471
13097	13067	29.2559159
13097	13223	21.4792231
13097	13121	33.8656808
13097	13089	45.5572081
13097	13143	41.8881585
13097	13045	30.8772229
13097	13077	38.4522258
13097	13063	39.3988251
13097	13113	38.9140855
13099	13243	49.9820416
13099	13037	32.066859
13099	13061	34.7911067
13099	13253	40.2121685
13099	13201	25.6323813
13099	13007	45.5534381
13099	1067	37.1906457
13099	1069	47.2662258
13101	13027	48.3902657
13101	13185	26.8884118
13101	13173	36.4699273
13101	13065	45.8045234
13101	12047	23.7494569
13101	12079	44.2770489
13103	13029	35.4571388
13103	13051	32.7713353
13103	13031	45.685433
13103	45053	30.9235875
13103	45013	49.747482
13105	13119	39.6415193
13105	13147	26.6346259
13105	45001	43.8653387
13105	13195	33.3341574
13105	13317	42.8770614
13105	13221	33.8088848
13107	13283	34.4551017
13107	13279	45.0348735
13107	13043	30.9601097
13107	13167	37.0821663
13107	13165	40.7454497
13109	13279	43.2905665
13109	13267	19.5398326
13109	13043	29.4517923
13109	13031	30.7618814
13109	13183	46.4444922
13109	13179	49.0610162
13111	47139	33.9276218
13111	37039	35.3840401
13111	37043	48.4427938
13111	13213	45.6424387
13111	13123	29.3727108
13111	13281	48.5413172
13111	13291	28.5373401
13113	13121	46.7002417
13113	13089	47.1004182
13113	13097	38.9140855
13113	13199	48.9319564
13113	13231	38.5616612
13113	13255	29.1555086
13113	13077	21.4895927
13113	13151	31.7134321
13113	13063	19.7104775
13115	13129	36.8952305
13115	13055	30.4762636
13115	1019	41.8847736
13115	13015	32.9684763
13115	13233	27.239983
13117	13085	23.2516326
13117	13227	39.8872527
13117	13187	39.4403947
13117	13057	32.5258189
13117	13139	28.9538885
13117	13135	28.1629166
13117	13067	47.2678426
13117	13121	46.0380152
13117	13089	46.0502839
13117	13013	44.461333
13119	13147	20.441069
13119	13011	29.5703578
13119	45073	40.2933733
13119	13257	22.0723934
13119	13137	38.7101276
13119	13157	45.6816773
13119	13105	39.6415193
13119	13195	30.7380652
13121	13057	38.2838685
13121	13117	46.0380152
13121	13247	40.6513081
13121	13135	33.5430619
13121	13067	19.2940302
13121	13223	39.8229999
13121	13089	14.3872644
13121	13097	33.8656808
13121	13151	44.854044
13121	13063	31.5677628
13121	13113	46.7002417
13123	13085	46.3591371
13123	13227	24.9031131
13123	13129	43.7096042
13123	13313	45.8822232
13123	13213	30.5103199
13123	13187	48.5190488
13123	13291	49.117656
13123	13111	29.3727108
13125	13265	45.0115229
13125	13189	28.0656557
13125	13301	19.7137827
13125	13303	34.0547794
13125	13163	26.8647396
13125	13141	36.5377884
13127	13039	45.4652541
13127	13025	46.0018756
13127	13191	31.2206987
13129	13227	43.0190365
13129	13055	39.8983849
13129	13313	33.1484647
13129	13213	33.3367027
13129	13123	43.7096042
13129	13015	33.0533466
13129	13115	36.8952305
13131	13275	25.4192191
13131	13087	33.9854381
13131	13205	37.3658567
13131	12039	47.2420271
13131	12073	46.6401284
13133	13211	30.1602559
13133	13265	26.0603513
13133	13301	49.2823043
13133	13317	44.5005206
13133	13219	45.1451364
13133	13221	40.8241906
13133	13059	48.7634765
13133	13141	36.0698405
13133	13237	30.4893871
13135	13057	47.0990532
13135	13117	28.1629166
13135	13247	34.6305625
13135	13217	45.0646519
13135	13157	47.97498
13135	13139	40.9559168
13135	13067	46.1244447
13135	13121	33.5430619
13135	13089	25.1620632
13135	13297	30.6833503
13135	13013	30.811605
13137	13119	38.7101276
13137	13011	23.9997475
13137	13311	18.9806675
13137	13257	23.1786305
13137	13187	41.0259109
13137	13281	47.0253607
13137	13241	36.9992429
13137	13157	48.3215836
13137	13139	42.5718421
13139	13085	27.6476286
13139	13011	32.1755826
13139	13311	37.3831341
13139	13137	42.5718421
13139	13187	30.6819943
13139	13117	28.9538885
13139	13157	28.7154593
13139	13135	40.9559168
13139	13013	33.1756717
13141	13133	36.0698405
13141	13265	36.4357887
13141	13301	35.7451879
13141	13303	38.995015
13141	13009	29.592319
13141	13125	36.5377884
13141	13237	32.1138348
13143	13223	37.6346808
13143	13233	27.6946185
13143	13097	41.8881585
13143	1029	32.1286031
13143	13045	20.2775912
13145	13197	49.7089823
13145	13053	39.5542527
13145	1017	39.0457417
13145	13285	39.5664446
13145	13199	40.1331139
13145	13263	29.2820095
13145	1081	44.0063383
13145	13215	23.3284976
13145	1113	34.6770848
13147	13119	20.441069
13147	13011	49.7321197
13147	45073	39.3548601
13147	45007	38.9296069
13147	13257	37.1890076
13147	13105	26.6346259
13147	13195	37.6868546
13149	13285	31.2504315
13149	1111	29.7392884
13149	13045	35.368794
13149	13077	35.8699443
13151	13247	23.3797691
13151	13217	27.8673196
13151	13121	44.854044
13151	13089	35.5534063
13151	13231	45.0889998
13151	13171	44.0568188
13151	13255	25.8677871
13151	13159	43.9277404
13151	13035	27.6284754
13151	13063	19.3456186
13151	13113	31.7134321
13153	13235	37.1516007
13153	13193	44.6407095
13153	13093	46.3362638
13153	13021	29.0461689
13153	13023	36.3787494
13153	13225	15.642437
13153	13079	29.5167903
13153	13289	27.3969293
13153	13319	49.9188271
13153	13169	44.809752
13155	13287	35.3564028
13155	13277	27.7841415
13155	13069	42.8547101
13155	13003	49.2007273
13155	13019	40.7927244
13155	13315	42.8556808
13155	13017	14.011746
13157	13119	45.6816773
13157	13011	25.4095558
13157	13137	48.3215836
13157	13195	31.8248202
13157	13139	28.7154593
13157	13135	47.97498
13157	13297	41.7126391
13157	13219	30.8537442
13157	13221	47.0882984
13157	13059	27.5873456
13157	13013	20.2910411
13159	13247	42.0227018
13159	13211	34.9983202
13159	13217	28.5953413
13159	13297	49.1435742
13159	13207	39.2322294
13159	13169	46.8918945
13159	13237	36.002942
13159	13035	23.7808188
13159	13151	43.9277404
13161	13309	36.0297802
13161	13271	33.2027872
13161	13069	43.4159607
13161	13279	43.2919194
13161	13209	35.9861301
13161	13005	35.8679009
13161	13001	26.1372076
13163	13189	44.4189485
13163	13301	45.0206896
13163	13167	47.6248508
13163	13303	35.9246089
13163	13033	38.3589939
13163	13125	26.8647396
13165	13043	45.1357212
13165	13031	45.448078
13165	13107	40.7454497
13165	13251	31.2190989
13165	13033	34.4745497
13167	13283	35.9327748
13167	13175	30.9069693
13167	13107	37.0821663
13167	13303	30.2998199
13167	13163	47.6248508
13169	13021	19.6246546
13169	13225	49.67196
13169	13153	44.809752
13169	13079	46.0499168
13169	13289	31.1584991
13169	13319	31.3957781
13169	13207	34.7773138
13169	13009	31.0760574
13169	13237	43.8586053
13169	13159	46.8918945
13171	13293	24.889023
13171	13199	48.9705923
13171	13079	46.2339559
13171	13231	19.9533135
13171	13207	23.5330484
13171	13255	22.6814567
13171	13035	29.5268603
13171	13151	44.0568188
13173	13101	36.4699273
13173	13027	47.9314018
13173	13185	26.8234132
13173	13065	33.3990457
13173	13003	36.8937732
13173	13019	27.3325209
13173	13075	34.2214301
13175	13309	44.29233
13175	13091	41.1005915
13175	13283	34.692225
13175	13023	40.1865743
13175	13167	30.9069693
13175	13319	46.7873657
13177	13261	42.3666797
13177	13321	33.7004544
13177	13273	26.1943162
13177	13095	11.9957863
13177	13037	49.9040443
13177	13007	48.5138494
13177	13081	47.7200822
13179	13109	49.0610162
13179	13029	25.4907417
13179	13051	48.5363031
13179	13305	40.1789197
13179	13191	42.4048707
13179	13183	15.6449819
13181	13265	47.0141916
13181	13073	39.2817544
13181	13189	35.8163283
13181	13301	46.1197559
13181	45065	18.091326
13181	45037	49.085435
13181	13317	28.5332366
13183	13267	42.1095613
13183	13109	46.4444922
13183	13029	40.4750977
13183	13305	25.5407116
13183	13191	45.7465545
13183	13179	15.6449819
13185	13101	26.8884118
13185	13027	24.8619025
13185	13173	26.8234132
13185	13019	42.512168
13185	13075	35.3469447
13185	12047	47.9014967
13185	12079	45.0940285
13187	13085	17.4473089
13187	13011	48.0869604
13187	13227	42.4408846
13187	13123	48.5190488
13187	13311	23.7689753
13187	13137	41.0259109
13187	13281	49.6360582
13187	13291	38.8649838
13187	13117	39.4403947
13187	13139	30.6819943
13189	13265	40.4214702
13189	13073	28.9075526
13189	13245	39.1801112
13189	13301	18.8170412
13189	45065	49.823813
13189	13317	42.0886249
13189	13181	35.8163283
13189	13163	44.4189485
13189	13125	28.0656557
13191	13127	31.2206987
13191	13183	45.7465545
13191	13179	42.4048707
13193	13197	45.9583147
13193	13249	26.8493617
13193	13093	29.6640352
13193	13261	34.1371508
13193	13081	48.6006127
13193	13269	30.974168
13193	13225	34.9268002
13193	13153	44.6407095
13193	13079	43.6671479
13195	13119	30.7380652
13195	13147	37.6868546
13195	13011	36.744597
13195	13157	31.8248202
13195	13105	33.3341574
13195	13219	32.4284828
13195	13221	22.6933181
13195	13059	21.4690258
13195	13013	46.5362226
13197	13307	37.0330284
13197	13193	45.9583147
13197	13053	35.5237423
13197	13249	25.5959331
13197	13261	45.5974908
13197	13259	41.4007941
13197	13269	35.1632976
13197	13145	49.7089823
13197	13263	36.2469778
13197	13215	40.1593899
13199	13293	34.4139771
13199	13285	33.5984474
13199	13145	40.1331139
13199	13263	35.0376472
13199	13231	30.3955881
13199	13171	48.9705923
13199	13255	46.3876652
13199	13077	41.5924689
13199	13113	48.9319564
13201	13037	41.4032905
13201	13253	24.2637111
13201	13087	34.1071943
13201	13099	25.6323813
13201	13007	32.8684312
13205	13321	46.1306472
13205	13095	39.6513471
13205	13275	44.1636775
13205	13131	37.3658567
13205	13007	27.2199937
13205	13071	38.5757357
13207	13021	30.7526423
13207	13293	41.5726919
13207	13079	36.8386978
13207	13231	43.4620854
13207	13171	23.5330484
13207	13169	34.7773138
13207	13255	41.9732326
13207	13159	39.2322294
13207	13035	29.2737133
13209	13309	20.6552032
13209	13271	37.8103845
13209	13283	25.0024698
13209	13279	15.7544703
13209	13267	47.3358548
13209	13161	35.9861301
13209	13001	47.4497792
13211	13247	49.7474062
13211	13133	30.1602559
13211	13217	38.1912812
13211	13297	35.1051942
13211	13219	30.6918572
13211	13221	47.237921
13211	13059	40.1299698
13211	13013	49.050596
13211	13237	34.2898464
13211	13159	34.9983202
13213	47139	43.3789188
13213	47011	43.1021154
13213	13227	48.3922793
13213	13129	33.3367027
13213	13295	46.1664556
13213	13313	15.8979851
13213	13123	30.5103199
13213	13111	45.6424387
13213	13047	38.3249934
13215	13197	40.1593899
13215	13053	16.7240978
13215	13259	49.5550055
13215	13145	23.3284976
13215	13263	40.1929648
13215	1081	40.3570979
13215	1113	14.6608703
13217	13247	14.0536334
13217	13211	38.1912812
13217	13135	45.0646519
13217	13089	40.7130269
13217	13297	27.1805152
13217	13013	49.6202717
13217	13255	49.2157149
13217	13159	28.5953413
13217	13035	31.1556222
13217	13151	27.8673196
13217	13063	43.1815054
13219	13211	30.6918572
13219	13133	45.1451364
13219	13157	30.8537442
13219	13195	32.4284828
13219	13297	31.4211696
13219	13221	29.2554334
13219	13059	10.9728819
13219	13013	28.1050035
13221	13211	47.237921
13221	13133	40.8241906
13221	13265	45.4958199
13221	13157	47.0882984
13221	13105	33.8088848
13221	13195	22.6933181
13221	13317	40.352377
13221	13219	29.2554334
13221	13059	22.0893042
13223	13057	41.6025577
13223	13015	33.6838792
13223	13067	24.2339589
13223	13233	35.2178544
13223	13121	39.8229999
13223	13143	37.6346808
13223	13097	21.4792231
13223	13045	37.9214053
13225	13235	47.5224432
13225	13193	34.9268002
13225	13093	46.5909317
13225	13021	30.5470864
13225	13269	36.2269308
13225	13153	15.642437
13225	13079	16.8009248
13225	13289	40.8835725
13225	13169	49.67196
13227	13085	31.6014846
13227	13129	43.0190365
13227	13213	48.3922793
13227	13123	24.9031131
13227	13187	42.4408846
13227	13057	32.2211084
13227	13117	39.8872527
13227	13015	44.93067
13229	13299	16.7787886
13229	13025	27.923492
13229	13305	44.9525469
13229	13005	33.5725622
13231	13293	22.1234668
