county1	county2	distance
1001	1021	45.6715198
1001	1085	39.3600221
1001	1051	26.0257583
1001	1101	29.0924003
1003	1053	75.5511098
1003	12113	69.4694713
1003	1097	41.8458308
1003	12033	47.2470211
1005	1011	47.7348106
1005	1067	40.8216731
1005	13239	21.9978063
1005	13061	36.5259579
1007	1065	54.4977705
1007	1117	46.3743344
1007	1021	44.4735974
1007	1125	41.8531639
1009	1055	52.5885559
1009	1095	48.2300327
1009	1043	31.9516324
1009	1115	38.6666932
1011	1101	57.0787856
1011	1005	47.7348106
1011	1109	43.4033125
1011	1087	34.4295038
1013	1039	59.2473991
1013	1035	51.1087853
1013	1041	33.8618994
1013	1085	43.3654878
1015	1121	50.9300867
1015	1027	50.3766885
1015	1029	31.9090389
1015	1055	37.268573
1017	1111	46.6357264
1017	13145	39.0457417
1017	13285	29.3987748
1017	1081	31.1805013
1019	13055	43.8291805
1019	1055	40.8685528
1019	13115	41.8847736
1019	1049	35.1844223
1021	1037	50.8804287
1021	1117	46.182827
1021	1007	44.4735974
1021	1001	45.6715198
1023	1091	56.5653658
1023	28153	55.2692034
1023	1025	56.1061191
1023	28023	44.2730933
1025	1023	56.1061191
1025	1131	53.9405754
1025	1099	47.5012999
1025	1129	46.5869113
1027	1123	46.8127662
1027	1037	45.3800727
1027	1121	34.2583178
1027	1111	36.5631389
1029	1111	41.8470107
1029	13045	41.6434082
1029	1015	31.9090389
1029	13143	32.1286031
1031	1039	48.7518636
1031	1109	48.3095908
1031	1045	25.2209564
1031	1061	30.957914
1033	28141	49.647098
1033	1079	42.7212949
1033	1077	17.3430519
1033	1059	30.8723438
1035	1039	57.6237224
1035	1013	51.1087853
1035	1099	35.8855202
1035	1053	45.6362351
1037	1051	46.7562527
1037	1027	45.3800727
1037	1123	30.3643643
1037	1121	44.0692567
1039	1013	59.2473991
1039	1035	57.6237224
1039	1031	48.7518636
1039	1041	52.3894664
1041	1085	55.5929656
1041	1039	52.3894664
1041	1109	33.2996931
1041	1013	33.8618994
1043	1127	53.298644
1043	1095	52.2227748
1043	1009	31.9516324
1043	1103	40.1705356
1045	1067	36.894098
1045	1061	35.0734126
1045	1031	25.2209564
1045	1069	30.978145
1047	1131	55.9068467
1047	1001	51.7493832
1047	1105	36.7310946
1047	1085	47.766127
1049	1095	46.5144114
1049	13055	43.5792934
1049	1071	32.7346922
1049	1019	35.1844223
1051	1123	46.9657394
1051	1037	46.7562527
1051	1001	26.0257583
1051	1101	23.7988564
1053	12033	67.1009958
1053	12113	64.3530237
1053	1035	45.6362351
1053	1099	46.9554591
1055	1115	50.4860094
1055	1095	41.3242297
1055	1015	37.268573
1055	1019	40.8685528
1057	1107	55.4647789
1057	1127	49.2250375
1057	1075	31.6314743
1057	1093	43.9119772
1059	1077	48.1745577
1059	1133	47.8762078
1059	1033	30.8723438
1059	1093	39.4750127
1061	1069	39.7747556
1061	1045	35.0734126
1061	12059	27.5696993
1061	1031	30.957914
1063	1091	55.7004589
1063	1107	53.1087081
1063	1065	28.5013676
1063	1119	40.5548745
1065	1091	51.0962603
1065	1125	49.7319283
1065	1105	32.3623732
1065	1063	28.5013676
1067	13099	37.1906457
1067	1045	36.894098
1067	13061	29.7050915
1067	1069	32.6162735
1069	13099	47.2662258
1069	1061	39.7747556
1069	1045	30.978145
1069	1067	32.6162735
1071	47051	55.236848
1071	47115	51.8707491
1071	1049	32.7346922
1071	13083	43.6596283
1073	1127	53.7543847
1073	1009	52.7578041
1073	1117	26.320208
1073	1115	44.1874978
1075	1093	44.4707152
1075	28095	40.1996867
1075	1057	31.6314743
1075	28087	37.9909568
1077	1079	47.2347306
1077	47099	47.0417235
1077	1033	17.3430519
1077	47181	46.5530822
1079	1133	44.2404142
1079	1083	42.9415994
1079	1103	31.4636135
1079	1033	42.7212949
1081	13215	40.3570979
1081	1087	39.0377288
1081	1113	32.3400895
1081	1017	31.1805013
1083	1079	42.9415994
1083	47055	42.6022438
1083	1089	30.72809
1083	1103	33.5181051
1085	1047	47.766127
1085	1013	43.3654878
1085	1101	40.748342
1085	1001	39.3600221
1087	1051	50.1522135
1087	1123	49.5364243
1087	1081	39.0377288
1087	1011	34.4295038
1089	1095	56.500629
1089	47103	40.3066043
1089	1083	30.72809
1089	1103	38.8664698
1091	1131	54.7718982
1091	1065	51.0962603
1091	1119	48.158588
1091	1105	48.527613
1093	1075	44.4707152
1093	1057	43.9119772
1093	1133	42.5959936
1093	1059	39.4750127
1095	1043	52.2227748
1095	1009	48.2300327
1095	1049	46.5144114
1095	1055	41.3242297
1097	28041	71.353209
1097	28059	53.958587
1097	1003	41.8458308
1097	28039	45.3624975
1099	1131	54.9773014
1099	1025	47.5012999
1099	1035	35.8855202
1099	1053	46.9554591
1101	1087	50.4361417
1101	1085	40.748342
1101	1001	29.0924003
1101	1051	23.7988564
1103	1043	40.1705356
1103	1089	38.8664698
1103	1079	31.4636135
1103	1083	33.5181051
1105	1007	54.8767262
1105	1091	48.527613
1105	1047	36.7310946
1105	1065	32.3623732
1107	1075	52.3926839
1107	1125	51.5381391
1107	28087	39.0985305
1107	28103	48.4388289
1109	1045	53.5276058
1109	1031	48.3095908
1109	1041	33.2996931
1109	1011	43.4033125
1111	13285	44.2664994
1111	1029	41.8470107
1111	13149	29.7392884
1111	1027	36.5631389
1113	13145	34.6770848
1113	1081	32.3400895
1113	13215	14.6608703
1113	13053	17.6216904
1115	1055	50.4860094
1115	1073	44.1874978
1115	1121	37.0583875
1115	1009	38.6666932
1117	1115	53.4996315
1117	1007	46.3743344
1117	1073	26.320208
1117	1021	46.182827
1119	1091	48.158588
1119	28075	47.2027176
1119	1063	40.5548745
1119	28069	46.5077751
1121	1015	50.9300867
1121	1037	44.0692567
1121	1027	34.2583178
1121	1115	37.0583875
1123	1087	49.5364243
1123	1051	46.9657394
1123	1037	30.3643643
1123	1027	46.8127662
1125	1063	56.8948001
1125	1107	51.5381391
1125	1065	49.7319283
1125	1007	41.8531639
1127	1073	53.7543847
1127	1043	53.298644
1127	1057	49.2250375
1127	1133	39.5032447
1129	1023	67.8073132
1129	28153	52.16898
1129	1025	46.5869113
1129	28041	48.2846512
1131	1047	55.9068467
1131	1099	54.9773014
1131	1025	53.9405754
1131	1091	54.7718982
1133	1059	47.8762078
1133	1079	44.2404142
1133	1093	42.5959936
1133	1127	39.5032447
2013	2164	574.191779
2013	2060	566.08582
2013	2016	493.04882
2013	2070	537.839059
2016	2060	531.474656
2016	2164	507.256686
2016	2150	455.493111
2016	2013	493.04882
2020	2068	301.697575
2020	2261	209.856803
2020	2170	50.6038558
2020	2122	121.535959
2050	2164	404.398364
2050	2070	256.65999
2050	2060	367.638849
2050	2270	194.723814
2060	2050	367.638849
2060	2150	277.017861
2060	2164	36.94919
2060	2070	116.767345
2068	2170	253.357096
2068	2240	212.255912
2068	2090	125.413227
2068	2290	202.880858
2070	2150	393.704345
2070	2050	256.65999
2070	2060	116.767345
2070	2164	153.374988
2090	2170	369.193652
2090	2290	224.071901
2090	2068	125.413227
2090	2240	177.713375
2100	2282	237.736064
2100	2105	132.232825
2100	2230	26.3761396
2100	2110	116.859459
2105	2230	154.20879
2105	2100	132.232825
2105	2110	59.1305883
2105	2220	112.964382
2110	2220	151.835385
2110	2230	130.897882
2110	2105	59.1305883
2110	2100	116.859459
2122	2261	301.492294
2122	2150	290.670769
2122	2020	121.535959
2122	2170	171.308462
2130	2220	294.368435
2130	2195	183.716326
2130	2198	56.5733453
2130	2275	119.871707
2150	2070	393.704345
2150	2122	290.670769
2150	2164	240.920702
2150	2060	277.017861
2164	2122	353.105371
2164	2150	240.920702
2164	2060	36.94919
2164	2070	153.374988
2170	2068	253.357096
2170	2261	192.57538
2170	2020	50.6038558
2170	2122	171.308462
2180	2290	615.979409
2180	2050	449.949442
2180	2188	322.86782
2180	2270	267.813247
2185	2068	778.747305
2185	2090	701.338775
2185	2188	482.881796
2185	2290	621.663468
2188	2270	554.379956
2188	2185	482.881796
2188	2180	322.86782
2188	2290	471.639763
2195	2130	183.716326
2195	2198	155.534819
2195	2275	68.3809705
2195	2220	137.614175
2198	2220	248.122015
2198	2195	155.534819
2198	2130	56.5733453
2198	2275	105.441659
2220	2275	199.346349
2220	2110	151.835385
2220	2195	137.614175
2220	2105	112.964382
2230	2282	249.152798
2230	2105	154.20879
2230	2100	26.3761396
2230	2110	130.897882
2240	2170	346.516863
2240	2261	294.716837
2240	2090	177.713375
2240	2068	212.255912
2261	2122	301.492294
2261	2240	294.716837
2261	2170	192.57538
2261	2020	209.856803
2270	2060	553.94194
2270	2180	267.813247
2270	2070	448.037858
2270	2050	194.723814
2275	2220	199.346349
2275	2130	119.871707
2275	2195	68.3809705
2275	2198	105.441659
2282	2110	325.802367
2282	2105	298.311581
2282	2230	249.152798
2282	2100	237.736064
2290	2170	405.342038
2290	2240	389.11399
2290	2068	202.880858
2290	2090	224.071901
4001	35045	166.408588
4001	35006	154.901875
4001	35031	71.0461312
4001	4017	105.016687
4003	35023	143.126877
4003	4009	142.072023
4003	4023	85.5963712
4003	4019	108.432105
4005	4007	195.366775
4005	49025	193.090299
4005	4025	116.198555
4005	4017	142.900623
4007	4025	146.332822
4007	4017	139.657529
4007	4021	100.488184
4007	4013	102.383782
4009	4003	142.072023
4009	4019	129.631749
4009	4011	53.8468116
4009	35023	118.030715
4011	35003	124.744928
4011	35017	96.3013233
4011	4009	53.8468116
4011	35023	89.4800552
4012	4025	192.484168
4012	6025	173.451638
4012	4027	145.423554
4012	4015	129.319778
4013	4019	174.23685
4013	4025	127.979897
4013	4021	63.9937067
4013	4007	102.383782
4015	32023	232.880957
4015	4025	187.245974
4015	4012	129.319778
4015	32003	144.565915
4017	35031	159.007911
4017	4005	142.900623
4017	4001	105.016687
4017	4007	139.657529
4019	4009	129.631749
4019	4003	108.432105
4019	4021	110.717067
4019	4023	86.9661232
4021	4009	167.070112
4021	4019	110.717067
4021	4013	63.9937067
4021	4007	100.488184
4023	4009	191.586054
4023	4021	190.651321
4023	4003	85.5963712
4023	4019	86.9661232
4025	4021	185.383533
4025	4013	127.979897
4025	4007	146.332822
4025	4005	116.198555
4027	4013	256.043799
4027	6073	236.533338
4027	4012	145.423554
4027	6025	90.0777026
5001	5069	56.5700029
5001	5079	54.5115176
5001	5095	47.0239109
5001	5117	50.9296593
5003	5017	53.7953609
5003	5043	50.5070376
5003	5011	48.4152255
5003	22067	43.7193696
5005	5129	51.800174
5005	5065	48.7331028
5005	5089	25.5923168
5005	29153	32.5451622
5007	5087	52.5390307
5007	40041	52.4188708
5007	29119	34.623934
5007	5143	27.5301269
5009	29213	43.9893987
5009	5015	43.8350924
5009	5089	39.1260931
5009	5101	32.1023202
5011	5003	48.4152255
5011	5025	38.5793899
5011	5013	36.4187358
5011	5043	30.4701581
5013	5139	44.9258507
5013	5011	36.4187358
5013	5039	31.0615629
5013	5103	31.8543823
5015	29213	46.4060534
5015	29209	40.0951208
5015	5009	43.8350924
5015	5087	38.411257
5017	5043	54.7791945
5017	5003	53.7953609
5017	28151	29.0818658
5017	5041	51.0893609
5019	5109	47.1414135
5019	5099	46.6818524
5019	5059	35.7257851
5019	5051	45.8836647
5021	29181	47.1011731
5021	29023	42.7562418
5021	29069	28.4875701
5021	5055	35.7384156
5023	5063	47.1103819
5023	5137	39.5613978
5023	5141	35.3333458
5023	5145	38.445414
5025	5011	38.5793899
5025	5079	36.8660923
5025	5039	36.1802611
5025	5069	36.5449676
5027	5099	52.6185807
5027	5103	51.7316967
5027	5073	29.0100556
5027	22027	51.2430732
5029	5141	46.9058949
5029	5115	37.2315105
5029	5045	29.7686342
5029	5105	24.9108658
5031	5067	57.2558887
5031	5075	44.2271264
5031	5111	27.8233331
5031	5055	29.5493208
5033	40001	53.7947879
5033	5047	36.5654339
5033	40135	40.7275475
5033	5131	20.8609071
5035	28143	53.355064
5035	5037	51.3836579
5035	47157	29.81902
5035	28033	36.2869431
5037	5035	51.3836579
5037	5111	43.5241742
5037	5147	43.3549564
5037	5123	26.4149481
5039	5053	50.0449661
5039	5103	43.6433436
5039	5025	36.1802611
5039	5013	31.0615629
5041	28151	58.5179658
5041	5017	51.0893609
5041	5043	37.4226811
5041	5079	37.718704
5043	5025	45.9758903
5043	5079	38.8331789
5043	5011	30.4701581
5043	5041	37.4226811
5045	5085	45.397832
5045	5119	37.8054366
5045	5029	29.7686342
5045	5105	36.0142012
5047	5131	44.8401813
5047	5071	37.2630606
5047	5033	36.5654339
5047	5083	26.5350976
5049	29091	47.3050805
5049	29149	37.9486729
5049	5065	31.2980661
5049	5135	31.1072608
5051	5125	50.0112037
5051	5097	49.5729454
5051	5059	24.1246389
5051	5019	45.8836647
5053	5039	50.0449661
5053	5059	44.5181605
5053	5125	33.8739501
5053	5069	35.1611941
5055	5121	49.0702224
5055	5075	48.7816983
5055	5031	29.5493208
5055	5021	35.7384156
5057	5091	47.3426852
5057	5073	46.2229402
5057	5099	24.6861198
5057	5061	41.1685398
5059	5053	44.5181605
5059	5125	41.6010564
5059	5051	24.1246389
5059	5019	35.7257851
5061	5057	41.1685398
5061	5081	41.0459396
5061	5109	34.7315832
5061	5133	36.474006
5063	5137	49.2072099
5063	5135	48.3131155
5063	5067	35.6369387
5063	5023	47.1103819
5065	5005	48.7331028
5065	5137	35.7985028
5065	5135	35.4626463
5065	5049	31.2980661
5067	5031	57.2558887
5067	5075	52.5211454
5067	5063	35.6369387
5067	5147	43.1370838
5069	5001	56.5700029
5069	5025	36.5449676
5069	5079	39.5148203
5069	5053	35.1611941
5071	5149	42.8648044
5071	5115	38.9166997
5071	5047	37.2630606
5071	5083	38.2406099
5073	5099	51.733505
5073	5057	46.2229402
5073	5027	29.0100556
5073	5091	41.8844707
5075	5055	48.7816983
5075	5031	44.2271264
5075	5135	42.5487327
5075	5121	26.9867836
5077	5095	40.5130054
5077	5107	29.0525724
5077	28143	39.865224
5077	5123	25.5887069
5079	5069	39.5148203
5079	5043	38.8331789
5079	5025	36.8660923
5079	5041	37.718704
5081	5061	41.0459396
5081	5091	38.5207317
5081	48037	29.4034369
5081	5133	36.2832794
5083	5127	46.4757192
5083	5149	45.0858486
5083	5047	26.5350976
5083	5071	38.2406099
5085	5045	45.397832
5085	5145	41.9473288
5085	5117	39.9499345
5085	5119	34.3828272
5087	5101	53.2759949
5087	5007	52.5390307
5087	5143	37.6450189
5087	5015	38.411257
5089	29153	43.2911252
5089	5129	40.2255177
5089	5005	25.5923168
5089	5009	39.1260931
5091	48067	45.9840897
5091	5073	41.8844707
5091	48037	20.4234343
5091	5081	38.5207317
5093	5055	53.6663155
5093	47167	46.4362105
5093	47097	42.1914671
5093	29155	43.8968455
5095	5123	48.6319762
5095	5001	47.0239109
5095	5077	40.5130054
5095	5117	30.4322933
5097	5127	61.2612225
5097	5113	58.2483446
5097	5051	49.5729454
5097	5109	36.6631211
5099	5073	51.733505
5099	5103	50.7957818
5099	5057	24.6861198
5099	5019	46.6818524
5101	5015	56.1624549
5101	5087	53.2759949
5101	5129	46.5356746
5101	5009	32.1023202
5103	5099	50.7957818
5103	5139	44.6557942
5103	5013	31.8543823
5103	5039	43.6433436
5105	5149	48.3696966
5105	5115	45.0498137
5105	5045	36.0142012
5105	5029	24.9108658
5107	28119	49.8391512
5107	28027	36.4433498
5107	28143	38.5226284
5107	5077	29.0525724
5109	5057	54.2244181
5109	5019	47.1414135
5109	5061	34.7315832
5109	5097	36.6631211
5111	5035	56.4134322
5111	5055	52.4909148
5111	5031	27.8233331
5111	5037	43.5241742
5113	5061	67.7724315
5113	5097	58.2483446
5113	5127	45.4923661
5113	5133	56.4445173
5115	5105	45.0498137
5115	5071	38.9166997
5115	5149	27.301517
5115	5029	37.2315105
5117	5147	48.9770925
5117	5145	47.6528714
5117	5095	30.4322933
5117	5085	39.9499345
5119	5105	49.4679165
5119	5045	37.8054366
5119	5125	29.37234
5119	5085	34.3828272
5121	5135	49.7092218
5121	5055	49.0702224
5121	29181	39.9338784
5121	5075	26.9867836
5123	5147	50.0702684
5123	5095	48.6319762
5123	5037	26.4149481
5123	5077	25.5887069
5125	5105	49.8920837
5125	5059	41.6010564
5125	5119	29.37234
5125	5053	33.8739501
5127	40079	52.5658708
5127	5131	51.4014766
5127	5113	45.4923661
5127	5083	46.4757192
5129	5137	47.610094
5129	5141	44.9252354
5129	5101	46.5356746
5129	5089	40.2255177
5131	5047	44.8401813
5131	40079	38.6159201
5131	5033	20.8609071
5131	40135	38.1385676
5133	5113	56.4445173
5133	40089	47.2445652
5133	5061	36.474006
5133	5081	36.2832794
5135	5063	48.3131155
5135	5075	42.5487327
5135	5065	35.4626463
5135	5049	31.1072608
5137	5129	47.610094
5137	5141	41.1262745
5137	5065	35.7985028
5137	5023	39.5613978
5139	22027	55.0477317
5139	22111	51.0538796
5139	5103	44.6557942
5139	5013	44.9258507
5141	5029	46.9058949
5141	5129	44.9252354
5141	5023	35.3333458
5141	5137	41.1262745
5143	29119	61.6555021
5143	40001	47.6222424
5143	5007	27.5301269
5143	5087	37.6450189
5145	5117	47.6528714
5145	5085	41.9473288
5145	5147	46.8047495
5145	5023	38.445414
5147	5117	48.9770925
5147	5145	46.8047495
5147	5037	43.3549564
5147	5067	43.1370838
5149	5105	48.3696966
5149	5083	45.0858486
5149	5115	27.301517
5149	5071	42.8648044
6001	6085	46.5022484
6001	6075	30.3150664
6001	6081	26.3705908
6001	6013	26.3533887
6003	6017	77.7788418
6003	32029	75.9946624
6003	32005	26.6275349
6003	32510	49.3560918
6005	6109	61.1259295
6005	6017	39.2749127
6005	6067	56.1450927
6005	6009	28.4783311
6007	6011	65.6200284
6007	6115	61.439962
6007	6021	40.2083522
6007	6101	59.5780315
6009	6017	65.5248526
6009	6077	63.6351497
6009	6109	34.2031358
6009	6005	28.4783311
6011	6033	59.6157823
6011	6021	56.9554518
6011	6101	38.1264222
6011	6115	49.973226
6013	6041	45.6769768
6013	6095	33.5321372
6013	6075	40.8345628
6013	6001	26.3533887
6015	41029	124.165537
6015	6023	115.62212
6015	41015	52.8089391
6015	41033	93.5297172
6017	6067	58.7210711
6017	6061	39.5073991
6017	6057	54.661696
6017	6005	39.2749127
6019	6043	90.9455877
6019	6107	72.3701084
6019	6031	55.2806439
6019	6039	39.9350563
6021	6101	74.464149
6021	6011	56.9554518
6021	6007	40.2083522
6021	6103	50.357717
6023	6093	162.037068
6023	6089	151.97337
6023	6105	85.9182676
6023	6015	115.62212
6025	6065	177.871881
6025	4012	173.451638
6025	4027	90.0777026
6025	6073	147.51168
6027	6019	141.189009
6027	6107	132.597456
6027	6051	91.3274924
6027	32009	80.2877891
6029	6083	133.284872
6029	6111	126.020225
6029	6031	120.267926
6029	6107	101.227571
6031	6029	120.267926
6031	6039	92.3764872
6031	6019	55.2806439
6031	6107	44.6035471
6033	6055	80.1165413
6033	6097	62.20133
6033	6045	66.8674569
6033	6011	59.6157823
6035	6007	125.281996
6035	32031	116.375594
6035	6063	50.0337227
6035	6091	87.8497985
6037	6065	112.575413
6037	6071	82.8281437
6037	6059	50.9426768
6037	6111	74.4815476
6039	6031	92.3764872
6039	6047	60.7651726
6039	6043	55.7292439
6039	6019	39.9350563
6041	6097	49.8830591
6041	6013	45.6769768
6041	6075	26.9980572
6041	6055	42.866542
6043	6099	88.3797077
6043	6047	65.6760045
6043	6039	55.7292439
6043	6109	57.7779981
6045	6011	113.920215
6045	6097	113.228017
6045	6033	66.8674569
6045	6021	112.839588
6047	6109	81.0686241
6047	6043	65.6760045
6047	6099	47.6541662
6047	6039	60.7651726
6049	6093	153.133005
6049	41035	122.57295
6049	6035	125.814388
6049	41037	108.552787
6051	32009	113.928222
6051	32021	96.4119985
6051	6043	90.188843
6051	6027	91.3274924
6053	6047	117.454956
6053	6085	81.6560209
6053	6069	33.6295975
6053	6087	48.9160319
6055	6013	50.645125
6055	6097	36.0373746
6055	6041	42.866542
6055	6095	24.3756106
6057	6091	61.4125884
6057	6017	54.661696
6057	6115	51.6622623
6057	6061	47.604604
6059	6073	117.486316
6059	6065	73.9919791
6059	6037	50.9426768
6059	6071	68.9204912
6061	6057	47.604604
6061	6017	39.5073991
6061	6115	43.0931269
6061	6067	35.1579908
6063	6057	85.3374462
6063	6091	54.2738154
6063	6007	83.0032764
6063	6035	50.0337227
6065	6037	112.575413
6065	6073	102.077553
6065	6071	50.9599044
6065	6059	73.9919791
6067	6017	58.7210711
6067	6005	56.1450927
6067	6113	29.7697139
6067	6061	35.1579908
6069	6047	84.6031727
6069	6085	69.0726018
6069	6053	33.6295975
6069	6087	49.9316148
6071	6073	147.080166
6071	6037	82.8281437
6071	6065	50.9599044
6071	6059	68.9204912
6073	6025	147.51168
6073	6071	147.080166
6073	6065	102.077553
6073	6059	117.486316
6075	6013	40.8345628
6075	6001	30.3150664
6075	6081	23.3780374
6075	6041	26.9980572
6077	6005	68.7734237
6077	6013	64.2044854
6077	6099	45.9873651
6077	6009	63.6351497
6079	6107	164.27933
6079	6029	157.066939
6079	6083	94.0758803
6079	6031	131.12234
6081	6013	49.5490539
6081	6085	47.0188096
6081	6075	23.3780374
6081	6001	26.3705908
6083	6031	181.330816
6083	6029	133.284872
6083	6079	94.0758803
6083	6111	107.477079
6085	6075	67.8868741
6085	6001	46.5022484
6085	6081	47.0188096
6085	6087	36.7607202
6087	6081	73.6312752
6087	6069	49.9316148
6087	6085	36.7607202
6087	6053	48.9160319
6089	6093	111.883787
6089	6021	102.478201
6089	6103	52.1686752
6089	6105	66.1402744
6091	32029	72.1763932
6091	6057	61.4125884
6091	32031	53.7056024
6091	6063	54.2738154
6093	6089	111.883787
6093	6105	110.818097
6093	41029	90.9605485
6093	41035	100.810481
6095	6113	50.5113111
6095	6041	50.1435511
6095	6055	24.3756106
6095	6013	33.5321372
6097	6033	62.20133
6097	6095	60.1987991
6097	6041	49.8830591
6097	6055	36.0373746
6099	6109	67.6100111
6099	6009	66.8093135
6099	6077	45.9873651
6099	6047	47.6541662
6101	6007	59.5780315
6101	6061	51.4029584
6101	6115	11.8874331
6101	6011	38.1264222
6103	6105	95.8366477
6103	6007	66.0413069
6103	6021	50.357717
6103	6089	52.1686752
6105	6093	110.818097
6105	6103	95.8366477
6105	6089	66.1402744
6105	6023	85.9182676
6107	6039	111.945575
6107	6029	101.227571
6107	6019	72.3701084
6107	6031	44.6035471
6109	6099	67.6100111
6109	6005	61.1259295
6109	6009	34.2031358
6109	6043	57.7779981
6111	6029	126.020225
6111	6059	121.117458
6111	6037	74.4815476
6111	6083	107.477079
6113	6101	60.0347902
6113	6061	54.1525894
6113	6067	29.7697139
6113	6095	50.5113111
6115	6057	51.6622623
6115	6011	49.973226
6115	6101	11.8874331
6115	6061	43.0931269
8001	8005	26.1606084
8001	8059	24.2522835
8001	8014	12.9488233
8001	8031	17.1604173
8003	8109	49.6637893
8003	8023	44.0019054
8003	8021	33.4522624
8003	8105	35.171831
8005	8001	26.1606084
8005	8035	18.2731288
8005	8059	25.5282043
8005	8031	12.4373624
8007	8105	85.6468411
8007	8111	81.4784706
8007	8079	63.4888535
8007	8067	63.8929728
8009	8099	79.5850189
8009	20187	71.5086149
8009	20129	70.6866228
8009	40025	71.1545059
8011	8025	62.0898372
8011	8061	61.1151726
8011	8089	43.6288274
8011	8099	53.9322772
8013	8059	38.4041122
8013	8047	34.1130807
8013	8014	17.8125609
8013	8001	30.3206017
8014	8031	25.4467287
8014	8059	24.8596676
8014	8013	17.8125609
8014	8001	12.9488233
8015	8043	81.1269422
8015	8093	81.0463137
8015	8051	74.866386
8015	8065	66.2397543
8017	20071	70.5803299
8017	20199	60.4926241
8017	8063	54.8484746
8017	8061	43.0812626
8019	8014	47.53913
8019	8093	45.3268152
8019	8047	16.5678501
8019	8059	34.3007253
8021	8109	80.066348
8021	8105	51.7549474
8021	8003	33.4522624
8021	8023	48.8007595
8023	8105	79.0884632
8023	8055	62.169241
8023	8021	48.8007595
8023	8003	44.0019054
8025	8061	107.334256
8025	8101	69.3145478
8025	8089	25.3030932
8025	8011	62.0898372
8027	8055	72.2638138
8027	8101	65.942788
8027	8043	35.8674481
8027	8109	60.9466427
8029	8045	85.0821431
8029	8091	74.6290721
8029	8085	35.5792858
8029	8077	63.7995504
8031	8014	25.4467287
8031	8001	17.1604173
8031	8059	14.8598558
8031	8005	12.4373624
8033	8111	95.4991536
8033	8113	74.6542457
8033	8083	44.7742073
8033	49037	71.3684419
8035	8059	33.7579012
8035	8039	32.9842667
8035	8031	27.0410338
8035	8005	18.2731288
8037	8045	71.1949788
8037	8117	56.8902386
8037	8097	43.9495759
8037	8065	52.7564314
8039	8041	60.2627174
8039	8031	53.0390722
8039	8035	32.9842667
8039	8005	40.636651
8041	8101	68.5393088
8041	8043	63.1756675
8041	8119	33.9539227
8041	8039	60.2627174
8043	8041	63.1756675
8043	8119	57.8274288
8043	8027	35.8674481
8043	8101	52.183018
8045	8103	87.5253961
8045	8029	85.0821431
8045	8097	62.311953
8045	8037	71.1949788
8047	8014	37.304229
8047	8013	34.1130807
8047	8019	16.5678501
8047	8059	33.6436447
8049	8013	67.3800206
8049	8117	53.4973871
8049	8047	47.3742616
8049	8019	53.4269663
8051	8029	85.2178123
8051	8053	79.6496507
8051	8097	63.9787156
8051	8015	74.866386
8053	8113	58.2141118
8053	8091	42.4573588
8053	8079	38.5897352
8053	8111	39.4134293
8055	8101	74.9752583
8055	8027	72.2638138
8055	8071	57.5415423
8055	8023	62.169241
8057	8069	102.802048
8057	56001	90.3741821
8057	8107	57.8778188
8057	8049	76.2848007
8059	8005	25.5282043
8059	8014	24.8596676
8059	8031	14.8598558
8059	8001	24.2522835
8061	20071	79.8774019
8061	8011	61.1151726
8061	8017	43.0812626
8061	8099	44.5709849
8063	20023	78.5321692
8063	20199	74.4346389
8063	8017	54.8484746
8063	20181	61.1791742
8065	8093	59.4251691
8065	8037	52.7564314
8065	8097	51.6736465
8065	8117	42.4075381
8067	35045	70.7314854
8067	8083	67.4341461
8067	8007	63.8929728
8067	8111	61.1064304
8069	8001	71.5823829
8069	8014	63.2296465
8069	8123	32.8239796
8069	8013	49.5883688
8071	8089	118.381393
8071	8023	84.2210933
8071	35007	56.3177592
8071	8055	57.5415423
8073	8017	107.465517
8073	8041	104.358477
8073	8063	102.566808
8073	8039	81.3641048
8075	8095	67.6888334
8075	8087	65.8964633
8075	8121	60.8656838
8075	31033	61.064012
8077	49019	103.406012
8077	8045	97.9552039
8077	8029	63.7995504
8077	8085	86.2899429
8079	8111	64.8767379
8079	8105	64.5440321
8079	8053	38.5897352
8079	8007	63.4888535
8081	8057	114.369668
8081	8045	112.289392
8081	8107	61.7987241
8081	8103	75.8149297
8083	8113	85.214427
8083	35045	78.0915659
8083	8033	44.7742073
8083	8067	67.4341461
8085	8053	77.3276092
8085	8113	56.1916901
8085	8029	35.5792858
8085	8091	41.1469359
8087	8001	106.356732
8087	8123	85.771932
8087	8121	56.1010122
8087	8075	65.8964633
8089	8099	97.4547159
8089	8101	90.3819895
8089	8025	25.3030932
8089	8011	43.6288274
8091	8053	42.4573588
8091	8085	41.1469359
8091	8113	26.2664748
8091	8111	37.8064217
8093	8065	59.4251691
8093	8119	58.3749925
8093	8019	45.3268152
8093	8117	47.106832
8095	31029	65.7850121
8095	8125	59.5400022
8095	8115	40.4255838
8095	31049	54.5186481
8097	8051	63.9787156
8097	8045	62.311953
8097	8065	51.6736465
8097	8037	43.9495759
8099	8009	79.5850189
8099	20075	69.2477073
8099	8061	44.5709849
8099	8011	53.9322772
8101	8025	69.3145478
8101	8041	68.5393088
8101	8043	52.183018
8101	8027	65.942788
8103	49047	119.310678
8103	8077	108.911195
8103	8081	75.8149297
8103	8045	87.5253961
8105	8079	64.5440321
8105	8021	51.7549474
8105	8003	35.171831
8105	8109	38.4030209
8107	8037	96.1808899
8107	8049	90.3098026
8107	8057	57.8778188
8107	8081	61.7987241
8109	8021	80.066348
8109	8027	60.9466427
8109	8003	49.6637893
8109	8105	38.4030209
8111	8067	61.1064304
8111	8091	37.8064217
8111	8053	39.4134293
8111	8113	31.4054085
8113	8053	58.2141118
8113	8085	56.1916901
8113	8091	26.2664748
8113	8111	31.4054085
8115	31135	56.475112
8115	31069	51.4332872
8115	31049	14.3730078
8115	8095	40.4255838
8117	8049	53.4973871
8117	8019	47.5569965
8117	8093	47.106832
8117	8065	42.4075381
8119	8035	64.2889565
8119	8093	58.3749925
8119	8041	33.9539227
8119	8043	57.8274288
8121	8095	86.1968995
8121	8075	60.8656838
8121	8087	56.1010122
8121	8125	57.0439126
8123	8001	51.8271811
8123	8014	49.069659
8123	8069	32.8239796
8123	8013	44.6728432
8125	31057	75.3797147
8125	20023	72.0559514
8125	8121	57.0439126
8125	8095	59.5400022
9001	36103	47.8002628
9001	36119	41.2916937
9001	36079	37.1440917
9001	9009	41.0587539
9003	25013	42.1398524
9003	9005	39.1939665
9003	9013	29.982498
9003	9007	33.7567743
9005	36079	56.4058491
9005	36027	54.3746378
9005	9003	39.1939665
9005	9009	42.1868076
9007	9013	43.7540563
9007	9011	39.6788361
9007	9003	33.7567743
9007	9009	32.1782578
9009	9003	44.7595411
9009	9005	42.1868076
9009	9007	32.1782578
9009	9001	41.0587539
9011	9013	49.9226308
9011	44009	42.4416412
9011	9007	39.6788361
9011	9015	41.0228322
9013	9007	43.7540563
9013	25013	35.6861511
9013	9003	29.982498
9013	9015	31.541594
9015	44007	45.4826211
9015	44003	43.6546772
9015	9013	31.541594
9015	9011	41.0228322
10001	34011	52.8553418
10001	24035	52.0892553
10001	24011	36.3565835
10001	24029	45.1579047
10003	42045	35.8987393
10003	42029	34.2245692
10003	34033	23.0153403
10003	24015	27.0655539
10005	10001	54.4266876
10005	24047	41.1830105
10005	24011	48.1863556
10005	24045	38.893985
11001	51610	14.1115195
11001	51510	12.0969294
11001	24033	10.7781
11001	51013	8.44444389
12001	12075	41.738984
12001	12041	40.9352143
12001	12007	40.5579996
12001	12125	38.4561575
12003	12023	49.0944476
12003	12007	37.6558034
12003	12019	43.4973987
12003	12125	34.9986336
12005	12131	65.9055472
12005	12013	58.9715856
12005	12045	45.5625547
12005	12133	49.4604784
12007	12001	40.5579996
12007	12003	37.6558034
12007	12019	34.8483085
12007	12125	22.9300616
12009	12117	79.6626162
12009	12095	75.6142628
12009	12061	66.9920623
12009	12097	67.9283074
12011	12051	116.067924
12011	12085	112.346814
12011	12086	40.6117712
12011	12099	54.3114584
12013	12039	53.9308165
12013	12133	52.5001181
12013	12077	21.96877
12013	12063	38.5471645
12015	12081	70.9859189
12015	12115	41.2326981
12015	12071	49.5883206
12015	12027	36.3613783
12017	12075	61.0298337
12017	12083	44.4551935
12017	12053	40.1151487
12017	12119	40.9403544
12019	12003	43.4973987
12019	12109	38.2752586
12019	12031	29.397828
12019	12007	34.8483085
12021	12015	93.7796532
12021	12043	92.7905866
12021	12071	44.606346
12021	12051	74.888743
12023	12003	49.0944476
12023	12041	48.9735795
12023	12125	31.910477
12023	12121	32.9483022
12027	12115	55.4148597
12027	12055	51.3983371
12027	12015	36.3613783
12027	12049	40.2006337
12029	12001	64.7885865
12029	12067	49.4036579
12029	12075	47.1460423
12029	12041	25.213824
12031	12003	54.0339037
12031	12109	40.8197597
12031	12019	29.397828
12031	12089	34.2892195
12033	12091	68.0952164
12033	1053	67.1009958
12033	12113	23.8728884
12033	1003	47.2470211
12035	12019	83.4496772
12035	12109	53.8985727
12035	12107	48.8861495
12035	12127	50.9592156
12037	12013	80.5336835
12037	12077	68.6231517
12037	12045	47.7074969
12037	12129	64.8381677
12039	13131	47.2420271
12039	12077	38.0683492
12039	12073	33.220189
12039	13087	32.2710615
12041	12023	48.9735795
12041	12001	40.9352143
12041	12075	38.6199844
12041	12029	25.213824
12043	12027	74.7219252
12043	12055	67.7230702
12043	12051	21.2673575
12043	12093	55.1409383
12045	12077	57.0099429
12045	12013	54.3916252
12045	12005	45.5625547
12045	12037	47.7074969
12047	13185	47.9014967
12047	12079	41.6411521
12047	13101	23.7494569
12047	12121	31.9092117
12049	12115	70.9982083
12049	12105	53.7094369
12049	12027	40.2006337
12049	12055	38.0472673
12051	12021	74.888743
12051	12093	73.4238992
12051	12071	66.7520514
12051	12043	21.2673575
12053	12057	59.488883
12053	12119	57.4547437
12053	12017	40.1151487
12053	12101	27.1121921
12055	12043	67.7230702
12055	12093	64.7508561
12055	12049	38.0472673
12055	12027	51.3983371
12057	12105	59.3468898
12057	12081	57.0265497
12057	12103	33.1763189
12057	12101	33.6380252
12059	12063	52.0558775
12059	12131	50.6707414
12059	1061	27.5696993
12059	12133	25.3310982
12061	12009	66.9920623
12061	12085	61.7733297
12061	12111	38.1007985
12061	12093	58.2495713
12063	1069	47.9528449
12063	12133	42.4978974
12063	13253	38.3488147
12063	12013	38.5471645
12065	13027	50.0904963
12065	12079	43.8052158
12065	12073	37.0469097
12065	13275	41.0114952
12067	12023	50.3870092
12067	12029	49.4036579
12067	12121	24.8264553
12067	12123	40.2665913
12069	12083	57.6912667
12069	12117	43.2659979
12069	12119	29.379904
12069	12095	42.3790241
12071	12027	68.318013
12071	12051	66.7520514
12071	12021	44.606346
12071	12015	49.5883206
12073	13131	46.6401284
12073	12065	37.0469097
12073	12129	31.7460329
12073	12039	33.220189
12075	12083	59.0430094
12075	12029	47.1460423
12075	12041	38.6199844
12075	12001	41.738984
12077	12045	57.0099429
12077	12063	53.56194
12077	12013	21.96877
12077	12039	38.0683492
12079	13101	44.2770489
12079	12065	43.8052158
12079	12047	41.6411521
12079	13027	42.3960608
12081	12015	70.9859189
12081	12057	57.0265497
12081	12115	31.7672287
12081	12103	50.7724466
12083	12075	59.0430094
12083	12069	57.6912667
12083	12017	44.4551935
12083	12119	35.9858405
12085	12061	61.7733297
12085	12099	59.4294262
12085	12093	58.8757516
12085	12111	24.0811292
12086	12021	147.778447
12086	12051	137.249418
12086	12011	40.6117712
12086	12099	94.9134842
12087	12071	212.61562
12087	12011	186.707209
12087	12086	150.478873
12087	12021	168.171865
12089	12019	60.0241187
12089	13049	40.7122316
12089	13039	22.9575771
12089	12031	34.2892195
12091	1039	83.5794196
12091	12033	68.0952164
12091	12131	36.3317797
12091	12113	45.0071254
12093	12085	58.8757516
12093	12061	58.2495713
12093	12043	55.1409383
12093	12111	46.9153729
12095	12127	65.2790084
12095	12069	42.3790241
12095	12117	19.7133956
12095	12097	29.5880984
12097	12069	63.3688911
12097	12105	48.516927
12097	12095	29.5880984
12097	12117	48.4614746
12099	12086	94.9134842
12099	12111	82.7547952
12099	12011	54.3114584
12099	12085	59.4294262
12101	12017	67.2166139
12101	12103	45.2713256
12101	12057	33.6380252
12101	12053	27.1121921
12103	12053	70.9765801
12103	12081	50.7724466
12103	12057	33.1763189
12103	12101	45.2713256
12105	12095	69.0541074
12105	12057	59.3468898
12105	12097	48.516927
12105	12049	53.7094369
12107	12007	54.8869762
12107	12109	50.0439675
12107	12019	53.3723321
12107	12035	48.8861495
12109	12035	53.8985727
12109	12107	50.0439675
12109	12019	38.2752586
12109	12031	40.8197597
12111	12099	82.7547952
12111	12093	46.9153729
12111	12061	38.1007985
12111	12085	24.0811292
12113	1003	69.4694713
12113	12091	45.0071254
12113	1053	64.3530237
12113	12033	23.8728884
12115	12049	70.9982083
12115	12027	55.4148597
12115	12081	31.7672287
12115	12015	41.2326981
12117	12097	48.4614746
12117	12127	45.5735934
12117	12069	43.2659979
12117	12095	19.7133956
12119	12053	57.4547437
12119	12017	40.9403544
12119	12069	29.379904
12119	12083	35.9858405
12121	12079	51.2779744
12121	12023	32.9483022
12121	12067	24.8264553
12121	12047	31.9092117
12123	12121	61.0162367
12123	12065	56.1292742
12123	12067	40.2665913
12123	12079	48.1076204
12125	12001	38.4561575
12125	12003	34.9986336
12125	12007	22.9300616
12125	12023	31.910477
12127	12069	71.7737286
12127	12035	50.9592156
12127	12095	65.2790084
12127	12117	45.5735934
12129	12077	60.0095132
12129	12065	55.4969373
12129	12073	31.7460329
12129	12039	51.7783899
12131	12005	65.9055472
12131	12133	54.6017186
12131	12091	36.3317797
12131	12059	50.6707414
12133	1061	51.7286554
12133	12005	49.4604784
12133	12059	25.3310982
12133	12063	42.4978974
13001	13305	43.5773925
13001	13267	40.3902263
13001	13161	26.1372076
13001	13005	27.9470202
13003	13173	36.8937732
13003	13065	36.0535581
13003	13019	35.8767104
13003	13069	22.5160029
13005	13161	35.8679009
13005	13069	35.6722903
13005	13001	27.9470202
13005	13229	33.5725622
13007	13095	39.1210841
13007	13201	32.8684312
13007	13205	27.2199937
13007	13037	32.7854643
13009	13169	31.0760574
13009	13141	29.592319
13009	13319	26.7539534
13009	13237	27.2613033
13011	13257	30.3706588
13011	13157	25.4095558
13011	13119	29.5703578
13011	13137	23.9997475
13013	13135	30.811605
13013	13219	28.1050035
13013	13157	20.2910411
13013	13297	22.5960553
13015	13223	33.6838792
13015	13129	33.0533466
13015	13115	32.9684763
13015	13057	30.8928718
13017	13277	39.4979596
13017	13287	36.8457302
13017	13155	14.011746
13017	13315	31.2657293
13019	13003	35.8767104
13019	13277	34.602214
13019	13075	19.1066134
13019	13173	27.3325209
13021	13289	29.0713275
13021	13153	29.0461689
13021	13169	19.6246546
13021	13079	26.903819
13023	13153	36.3787494
13023	13289	34.5274884
13023	13235	19.7550422
13023	13091	25.612115
13025	13127	46.0018756
13025	13305	44.208952
13025	13229	27.923492
13025	13299	39.385983
13027	12079	42.3960608
13027	13275	39.0924594
13027	13185	24.8619025
13027	13075	35.9514871
13029	13183	40.4750977
13029	13103	35.4571388
13029	13051	24.3621078
13029	13179	25.4907417
13031	13165	45.448078
13031	13251	36.2152533
13031	13043	28.218016
13031	13109	30.7618814
13033	13073	48.6091919
13033	13163	38.3589939
13033	13165	34.4745497
13033	13245	36.4334877
13035	13207	29.2737133
13035	13255	28.5169468
13035	13151	27.6284754
13035	13159	23.7808188
13037	13061	34.7423099
13037	13007	32.7854643
13037	13243	27.2600802
13037	13099	32.066859
13039	13025	54.9637431
13039	13127	45.4652541
13039	12089	22.9575771
13039	13049	37.2410268
13043	13279	37.3748332
13043	13107	30.9601097
13043	13031	28.218016
13043	13109	29.4517923
13045	13223	37.9214053
13045	13149	35.368794
13045	13143	20.2775912
13045	13097	30.8772229
13047	13083	29.982282
13047	13313	24.1401362
13047	13295	14.9639283
13047	47065	18.657598
13049	12003	56.8325882
13049	13025	48.8154339
13049	13039	37.2410268
13049	12089	40.7122316
13051	45013	46.2422068
13051	45053	44.8808704
13051	13103	32.7713353
13051	13029	24.3621078
13053	13197	35.5237423
13053	13259	33.0923868
13053	1113	17.6216904
13053	13215	16.7240978
13055	1049	43.5792934
13055	13129	39.8983849
13055	13295	38.2038482
13055	13115	30.4762636
13057	13117	32.5258189
13057	13227	32.2211084
13057	13067	25.7950375
13057	13015	30.8928718
13059	13157	27.5873456
13059	13221	22.0893042
13059	13219	10.9728819
13059	13195	21.4690258
13061	13037	34.7423099
13061	1067	29.7050915
13061	13239	25.8371985
13061	13243	27.9764751
13063	13121	31.5677628
13063	13089	28.3336935
13063	13151	19.3456186
13063	13113	19.7104775
13065	13101	45.8045234
13065	13299	41.1667636
13065	13173	33.3990457
13065	13003	36.0535581
13067	13097	29.2559159
13067	13057	25.7950375
13067	13223	24.2339589
13067	13121	19.2940302
13069	13161	43.4159607
13069	13155	42.8547101
13069	13005	35.6722903
13069	13003	22.5160029
13071	13277	38.7904854
13071	13275	38.6898054
13071	13075	32.9282271
13071	13205	38.5757357
13073	45003	36.7856055
13073	45037	32.250169
13073	13245	14.6596051
13073	13189	28.9075526
13075	13277	34.9359528
13075	13173	34.2214301
13075	13019	19.1066134
13075	13071	32.9282271
13077	13045	39.336063
13077	13097	38.4522258
13077	13149	35.8699443
13077	13113	21.4895927
13079	13269	30.9906613
13079	13153	29.5167903
13079	13225	16.8009248
13079	13021	26.903819
13081	13261	43.6841324
13081	13287	30.5352088
13081	13315	35.2349934
13081	13093	24.4277059
13083	47065	35.4415313
13083	47115	27.0263156
13083	13047	29.982282
13083	13295	19.2720335
13085	13227	31.6014846
13085	13139	27.6476286
13085	13187	17.4473089
13085	13117	23.2516326
13087	13201	34.1071943
13087	12039	32.2710615
13087	13131	33.9854381
13087	13253	29.895511
13089	13063	28.3336935
13089	13247	26.6729283
13089	13121	14.3872644
13089	13135	25.1620632
13091	13271	34.5233589
13091	13315	34.1757146
13091	13235	29.4908622
13091	13023	25.612115
13093	13315	41.5897536
13093	13235	30.9913501
13093	13081	24.4277059
13093	13193	29.6640352
13095	13007	39.1210841
13095	13273	33.1587926
13095	13177	11.9957863
13095	13321	29.3362165
13097	13121	33.8656808
13097	13045	30.8772229
13097	13223	21.4792231
13097	13067	29.2559159
13099	1067	37.1906457
13099	13061	34.7911067
13099	13201	25.6323813
13099	13037	32.066859
13101	12079	44.2770489
13101	13185	26.8884118
13101	13173	36.4699273
13101	12047	23.7494569
13103	13031	45.685433
13103	13029	35.4571388
13103	13051	32.7713353
13103	45053	30.9235875
13105	13119	39.6415193
13105	13221	33.8088848
13105	13195	33.3341574
13105	13147	26.6346259
13107	13165	40.7454497
13107	13167	37.0821663
13107	13043	30.9601097
13107	13283	34.4551017
13109	13279	43.2905665
13109	13031	30.7618814
13109	13267	19.5398326
13109	13043	29.4517923
13111	37039	35.3840401
13111	47139	33.9276218
13111	13291	28.5373401
13111	13123	29.3727108
13113	13151	31.7134321
13113	13255	29.1555086
13113	13063	19.7104775
13113	13077	21.4895927
13115	13129	36.8952305
