county1	county2	distance
1001	1037	61.6624966
1001	1047	51.7493832
1001	1021	45.6715198
1001	1101	29.0924003
1001	1051	26.0257583
1001	1085	39.3600221
1003	28039	87.0730402
1003	12113	69.4694713
1003	28059	86.841034
1003	12033	47.2470211
1003	1097	41.8458308
1003	1053	75.5511098
1005	13259	57.2300171
1005	1011	47.7348106
1005	13243	52.9778972
1005	1067	40.8216731
1005	13239	21.9978063
1005	13061	36.5259579
1007	1073	61.5426226
1007	1065	54.4977705
1007	1105	54.8767262
1007	1117	46.3743344
1007	1021	44.4735974
1007	1125	41.8531639
1009	1127	62.6026548
1009	1055	52.5885559
1009	1073	52.7578041
1009	1043	31.9516324
1009	1115	38.6666932
1009	1095	48.2300327
1011	13239	65.3739918
1011	1005	47.7348106
1011	1081	62.1752748
1011	1087	34.4295038
1011	1109	43.4033125
1011	1101	57.0787856
1013	1131	73.0956259
1013	1039	59.2473991
1013	1109	66.6424842
1013	1041	33.8618994
1013	1085	43.3654878
1013	1035	51.1087853
1015	1019	53.4307215
1015	1027	50.3766885
1015	1115	51.3628623
1015	1055	37.268573
1015	1029	31.9090389
1015	1121	50.9300867
1017	13149	51.9128657
1017	13215	51.6151997
1017	1111	46.6357264
1017	13285	29.3987748
1017	1081	31.1805013
1017	13145	39.0457417
1019	1015	53.4307215
1019	13115	41.8847736
1019	13233	45.6775911
1019	1049	35.1844223
1019	1055	40.8685528
1019	13055	43.8291805
1021	1047	61.4423456
1021	1051	55.8219676
1021	1117	46.182827
1021	1037	50.8804287
1021	1007	44.4735974
1021	1001	45.6715198
1023	1119	62.1013846
1023	28075	58.6814988
1023	28153	55.2692034
1023	1091	56.5653658
1023	1025	56.1061191
1023	28023	44.2730933
1025	28153	79.9467316
1025	1131	53.9405754
1025	1091	72.8234427
1025	1129	46.5869113
1025	1099	47.5012999
1025	1023	56.1061191
1027	1015	50.3766885
1027	1111	36.5631389
1027	1029	49.9297751
1027	1121	34.2583178
1027	1037	45.3800727
1027	1123	46.8127662
1029	13149	50.177158
1029	1111	41.8470107
1029	1027	49.9297751
1029	13045	41.6434082
1029	1015	31.9090389
1029	13143	32.1286031
1031	1041	57.0428409
1031	1069	51.5668191
1031	1109	48.3095908
1031	1039	48.7518636
1031	1045	25.2209564
1031	1061	30.957914
1033	47099	64.3266065
1033	1059	30.8723438
1033	47181	60.1755321
1033	1077	17.3430519
1033	1079	42.7212949
1033	28141	49.647098
1035	1041	75.4539075
1035	1039	57.6237224
1035	1131	74.121649
1035	1013	51.1087853
1035	1099	35.8855202
1035	1053	45.6362351
1037	1001	61.6624966
1037	1051	46.7562527
1037	1021	50.8804287
1037	1123	30.3643643
1037	1121	44.0692567
1037	1027	45.3800727
1039	1109	71.2105669
1039	1035	57.6237224
1039	1061	62.7720966
1039	1031	48.7518636
1039	1041	52.3894664
1039	1013	59.2473991
1041	1101	67.2039292
1041	1085	55.5929656
1041	1031	57.0428409
1041	1013	33.8618994
1041	1109	33.2996931
1041	1039	52.3894664
1043	1079	58.5995251
1043	1133	53.7284479
1043	1127	53.298644
1043	1095	52.2227748
1043	1009	31.9516324
1043	1103	40.1705356
1045	1005	60.0710601
1045	1067	36.894098
1045	1109	53.5276058
1045	1031	25.2209564
1045	1069	30.978145
1045	1061	35.0734126
1047	1065	68.7921106
1047	1131	55.9068467
1047	1021	61.4423456
1047	1001	51.7493832
1047	1105	36.7310946
1047	1085	47.766127
1049	13083	55.8334905
1049	1095	46.5144114
1049	1055	52.6888198
1049	1071	32.7346922
1049	1019	35.1844223
1049	13055	43.5792934
1051	1021	55.8219676
1051	1037	46.7562527
1051	1087	50.1522135
1051	1101	23.7988564
1051	1001	26.0257583
1051	1123	46.9657394
1053	1025	83.4968223
1053	12033	67.1009958
1053	1003	75.5511098
1053	1099	46.9554591
1053	1035	45.6362351
1053	12113	64.3530237
1055	1049	52.6888198
1055	1009	52.5885559
1055	1115	50.4860094
1055	1019	40.8685528
1055	1095	41.3242297
1055	1015	37.268573
1057	1125	61.5053632
1057	1093	43.9119772
1057	1133	58.6125256
1057	1075	31.6314743
1057	1127	49.2250375
1057	1107	55.4647789
1059	28141	49.3899536
1059	1077	48.1745577
1059	1079	48.6432171
1059	1033	30.8723438
1059	1093	39.4750127
1059	1133	47.8762078
1061	1039	62.7720966
1061	12133	51.7286554
1061	1045	35.0734126
1061	12059	27.5696993
1061	1069	39.7747556
1061	1031	30.957914
1063	1105	58.862691
1063	1091	55.7004589
1063	1125	56.8948001
1063	1119	40.5548745
1063	1065	28.5013676
1063	1107	53.1087081
1065	1119	61.0269766
1065	1091	51.0962603
1065	1007	54.4977705
1065	1063	28.5013676
1065	1105	32.3623732
1065	1125	49.7319283
1067	13239	46.0397264
1067	1005	40.8216731
1067	13099	37.1906457
1067	1069	32.6162735
1067	13061	29.7050915
1067	1045	36.894098
1069	1031	51.5668191
1069	1061	39.7747556
1069	12063	47.9528449
1069	1067	32.6162735
1069	1045	30.978145
1069	13099	47.2662258
1071	13295	60.0546853
1071	47115	51.8707491
1071	1095	56.8991798
1071	1049	32.7346922
1071	13083	43.6596283
1071	47051	55.236848
1073	1121	62.0737186
1073	1127	53.7543847
1073	1007	61.5426226
1073	1115	44.1874978
1073	1117	26.320208
1073	1009	52.7578041
1075	28025	56.0673458
1075	28095	40.1996867
1075	1107	52.3926839
1075	1057	31.6314743
1075	28087	37.9909568
1075	1093	44.4707152
1077	28141	58.7631587
1077	1059	48.1745577
1077	1079	47.2347306
1077	1033	17.3430519
1077	47099	47.0417235
1077	47181	46.5530822
1079	1059	48.6432171
1079	1083	42.9415994
1079	1077	47.2347306
1079	1103	31.4636135
1079	1033	42.7212949
1079	1133	44.2404142
1081	13053	49.9077915
1081	13215	40.3570979
1081	13145	44.0063383
1081	1087	39.0377288
1081	1017	31.1805013
1081	1113	32.3400895
1083	47099	60.1362651
1083	1079	42.9415994
1083	47103	46.4280831
1083	1089	30.72809
1083	1103	33.5181051
1083	47055	42.6022438
1085	1051	57.5689877
1085	1013	43.3654878
1085	1041	55.5929656
1085	1001	39.3600221
1085	1101	40.748342
1085	1047	47.766127
1087	1113	61.2156246
1087	1101	50.4361417
1087	1051	50.1522135
1087	1081	39.0377288
1087	1011	34.4295038
1087	1123	49.5364243
1089	47055	62.421163
1089	1103	38.8664698
1089	1071	61.6713588
1089	1083	30.72809
1089	47103	40.3066043
1089	1095	56.500629
1091	1023	56.5653658
1091	1105	48.527613
1091	1063	55.7004589
1091	1119	48.158588
1091	1065	51.0962603
1091	1131	54.7718982
1093	28095	61.0946046
1093	1133	42.5959936
1093	28057	52.5695513
1093	1059	39.4750127
1093	1057	43.9119772
1093	1075	44.4707152
1095	1071	56.8991798
1095	1043	52.2227748
1095	1089	56.500629
1095	1009	48.2300327
1095	1049	46.5144114
1095	1055	41.3242297
1097	12033	88.5523704
1097	28059	53.958587
1097	1129	80.7827552
1097	28039	45.3624975
1097	1003	41.8458308
1097	28041	71.353209
1099	1129	79.0012071
1099	1131	54.9773014
1099	1013	73.2886232
1099	1025	47.5012999
1099	1035	35.8855202
1099	1053	46.9554591
1101	1123	66.6255346
1101	1087	50.4361417
1101	1011	57.0787856
1101	1001	29.0924003
1101	1051	23.7988564
1101	1085	40.748342
1103	1095	62.6576556
1103	1089	38.8664698
1103	1133	59.167322
1103	1083	33.5181051
1103	1079	31.4636135
1103	1043	40.1705356
1105	1131	64.6477829
1105	1091	48.527613
1105	1063	58.862691
1105	1047	36.7310946
1105	1065	32.3623732
1105	1007	54.8767262
1107	1057	55.4647789
1107	1063	53.1087081
1107	1075	52.3926839
1107	1125	51.5381391
1107	28087	39.0985305
1107	28103	48.4388289
1109	1013	66.6424842
1109	1005	60.6813668
1109	1045	53.5276058
1109	1011	43.4033125
1109	1041	33.2996931
1109	1031	48.3095908
1111	13045	53.8918357
1111	13285	44.2664994
1111	1017	46.6357264
1111	13149	29.7392884
1111	1027	36.5631389
1111	1029	41.8470107
1113	13197	50.8318282
1113	13145	34.6770848
1113	13259	48.2129521
1113	13215	14.6608703
1113	1081	32.3400895
1113	13053	17.6216904
1115	1117	53.4996315
1115	1015	51.3628623
1115	1055	50.4860094
1115	1121	37.0583875
1115	1073	44.1874978
1115	1009	38.6666932
1117	1037	64.583232
1117	1007	46.3743344
1117	1121	53.6205384
1117	1073	26.320208
1117	1021	46.182827
1117	1115	53.4996315
1119	1023	62.1013846
1119	1065	61.0269766
1119	28075	47.2027176
1119	1091	48.158588
1119	1063	40.5548745
1119	28069	46.5077751
1121	1073	62.0737186
1121	1117	53.6205384
1121	1015	50.9300867
1121	1115	37.0583875
1121	1027	34.2583178
1121	1037	44.0692567
1123	1081	56.7653256
1123	1017	55.8659728
1123	1051	46.9657394
1123	1037	30.3643643
1123	1087	49.5364243
1123	1027	46.8127662
1125	1105	71.7959165
1125	1063	56.8948001
1125	1057	61.5053632
1125	1065	49.7319283
1125	1107	51.5381391
1125	1007	41.8531639
1127	1093	64.9648113
1127	1073	53.7543847
1127	1009	62.6026548
1127	1133	39.5032447
1127	1057	49.2250375
1127	1043	53.298644
1129	28111	78.2682819
1129	1023	67.8073132
1129	28039	71.4232074
1129	1025	46.5869113
1129	28041	48.2846512
1129	28153	52.16898
1131	1013	73.0956259
1131	1099	54.9773014
1131	1105	64.6477829
1131	1091	54.7718982
1131	1025	53.9405754
1131	1047	55.9068467
1133	1057	58.6125256
1133	1093	42.5959936
1133	1043	53.7284479
1133	1127	39.5032447
1133	1079	44.2404142
1133	1059	47.8762078
2013	2150	718.505474
2013	2164	574.191779
2013	2050	648.587337
2013	2070	537.839059
2013	2060	566.08582
2013	2016	493.04882
2016	2122	743.763346
2016	2164	507.256686
2016	2070	603.850794
2016	2150	455.493111
2016	2013	493.04882
2016	2060	531.474656
2020	2150	408.222295
2020	2068	301.697575
2020	2240	394.772085
2020	2170	50.6038558
2020	2122	121.535959
2020	2261	209.856803
2050	2122	607.523333
2050	2164	404.398364
2050	2180	449.949442
2050	2070	256.65999
2050	2270	194.723814
2050	2060	367.638849
2060	2020	477.312801
2060	2150	277.017861
2060	2122	368.550815
2060	2164	36.94919
2060	2070	116.767345
2060	2050	367.638849
2068	2261	333.310618
2068	2020	301.697575
2068	2240	212.255912
2068	2170	253.357096
2068	2090	125.413227
2068	2290	202.880858
2070	2270	448.037858
2070	2050	256.65999
2070	2122	447.652745
2070	2164	153.374988
2070	2060	116.767345
2070	2150	393.704345
2090	2020	419.147343
2090	2170	369.193652
2090	2261	406.615862
2090	2068	125.413227
2090	2240	177.713375
2090	2290	224.071901
2100	2195	308.200482
2100	2220	245.132073
2100	2282	237.736064
2100	2230	26.3761396
2100	2110	116.859459
2100	2105	132.232825
2105	2275	264.000892
2105	2230	154.20879
2105	2195	195.70403
2105	2220	112.964382
2105	2110	59.1305883
2105	2100	132.232825
2110	2275	256.528824
2110	2220	151.835385
2110	2195	191.462299
2110	2230	130.897882
2110	2105	59.1305883
2110	2100	116.859459
2122	2060	368.550815
2122	2164	353.105371
2122	2261	301.492294
2122	2020	121.535959
2122	2150	290.670769
2122	2170	171.308462
2130	2105	376.808872
2130	2110	374.941944
2130	2220	294.368435
2130	2198	56.5733453
2130	2275	119.871707
2130	2195	183.716326
2150	2016	455.493111
2150	2070	393.704345
2150	2020	408.222295
2150	2164	240.920702
2150	2060	277.017861
2150	2122	290.670769
2164	2020	466.015058
2164	2150	240.920702
2164	2050	404.398364
2164	2070	153.374988
2164	2060	36.94919
2164	2122	353.105371
2170	2090	369.193652
2170	2068	253.357096
2170	2240	346.516863
2170	2020	50.6038558
2170	2122	171.308462
2170	2261	192.57538
2180	2060	776.545374
2180	2070	684.558354
2180	2050	449.949442
2180	2290	615.979409
2180	2188	322.86782
2180	2270	267.813247
2185	2240	858.142014
2185	2180	805.697528
2185	2068	778.747305
2185	2090	701.338775
2185	2188	482.881796
2185	2290	621.663468
2188	2090	677.2536
2188	2068	673.896536
2188	2270	554.379956
2188	2180	322.86782
2188	2290	471.639763
2188	2185	482.881796
2195	2105	195.70403
2195	2110	191.462299
2195	2130	183.716326
2195	2198	155.534819
2195	2275	68.3809705
2195	2220	137.614175
2198	2110	344.918022
2198	2195	155.534819
2198	2105	339.313336
2198	2275	105.441659
2198	2130	56.5733453
2198	2220	248.122015
2220	2198	248.122015
2220	2275	199.346349
2220	2100	245.132073
2220	2110	151.835385
2220	2105	112.964382
2220	2195	137.614175
2230	2195	321.77223
2230	2220	267.071083
2230	2282	249.152798
2230	2110	130.897882
2230	2100	26.3761396
2230	2105	154.20879
2240	2020	394.772085
2240	2261	294.716837
2240	2290	389.11399
2240	2068	212.255912
2240	2090	177.713375
2240	2170	346.516863
2261	2282	387.518434
2261	2240	294.716837
2261	2068	333.310618
2261	2170	192.57538
2261	2020	209.856803
2261	2122	301.492294
2270	2164	589.961957
2270	2060	553.94194
2270	2188	554.379956
2270	2050	194.723814
2270	2070	448.037858
2270	2180	267.813247
2275	2105	264.000892
2275	2110	256.528824
2275	2220	199.346349
2275	2198	105.441659
2275	2195	68.3809705
2275	2130	119.871707
2282	2261	387.518434
2282	2110	325.802367
2282	2220	376.773818
2282	2230	249.152798
2282	2100	237.736064
2282	2105	298.311581
2290	2188	471.639763
2290	2020	443.673815
2290	2170	405.342038
2290	2068	202.880858
2290	2240	389.11399
2290	2090	224.071901
4001	35003	199.778998
4001	4005	196.846744
4001	35045	166.408588
4001	4017	105.016687
4001	35031	71.0461312
4001	35006	154.901875
4003	35017	215.303686
4003	4009	142.072023
4003	4011	169.794768
4003	4019	108.432105
4003	4023	85.5963712
4003	35023	143.126877
4005	4013	228.513335
4005	4017	142.900623
4005	4001	196.846744
4005	4025	116.198555
4005	49025	193.090299
4005	4007	195.366775
4007	4019	178.731918
4007	4017	139.657529
4007	4009	153.805438
4007	4013	102.383782
4007	4021	100.488184
4007	4025	146.332822
4009	4007	153.805438
4009	4019	129.631749
4009	35017	146.997377
4009	4011	53.8468116
4009	35023	118.030715
4009	4003	142.072023
4011	4003	169.794768
4011	35029	164.245051
4011	35003	124.744928
4011	4009	53.8468116
4011	35023	89.4800552
4011	35017	96.3013233
4012	4021	257.503549
4012	4013	202.427882
4012	4025	192.484168
4012	4015	129.319778
4012	4027	145.423554
4012	6025	173.451638
4013	4009	218.81398
4013	4019	174.23685
4013	4012	202.427882
4013	4021	63.9937067
4013	4007	102.383782
4013	4025	127.979897
4015	4005	246.306579
4015	4025	187.245974
4015	49053	238.810977
4015	32003	144.565915
4015	4012	129.319778
4015	32023	232.880957
4017	4025	190.043726
4017	4005	142.900623
4017	35003	186.603595
4017	4007	139.657529
4017	4001	105.016687
4017	35031	159.007911
4019	4007	178.731918
4019	4021	110.717067
4019	4013	174.23685
4019	4023	86.9661232
4019	4003	108.432105
4019	4009	129.631749
4021	4023	190.651321
4021	4019	110.717067
4021	4025	185.383533
4021	4013	63.9937067
4021	4007	100.488184
4021	4009	167.070112
4023	4011	233.601855
4023	4009	191.586054
4023	35023	225.819657
4023	4021	190.651321
4023	4003	85.5963712
4023	4019	86.9661232
4025	4017	190.043726
4025	4021	185.383533
4025	4015	187.245974
4025	4005	116.198555
4025	4007	146.332822
4025	4013	127.979897
4027	4015	270.989834
4027	4013	256.043799
4027	6065	262.780514
4027	6025	90.0777026
4027	4012	145.423554
4027	6073	236.533338
5001	5107	70.461223
5001	5079	54.5115176
5001	5041	70.3332451
5001	5095	47.0239109
5001	5117	50.9296593
5001	5069	56.5700029
5003	22111	65.5995786
5003	5017	53.7953609
5003	22123	57.5164036
5003	5043	50.5070376
5003	5011	48.4152255
5003	22067	43.7193696
5005	5137	57.3396655
5005	5065	48.7331028
5005	5049	55.6569325
5005	5089	25.5923168
5005	29153	32.5451622
5005	5129	51.800174
5007	5015	59.2032613
5007	29009	55.0906604
5007	5087	52.5390307
5007	29119	34.623934
5007	40041	52.4188708
5007	5143	27.5301269
5009	29209	58.4790146
5009	29213	43.9893987
5009	5129	55.1004832
5009	5015	43.8350924
5009	5089	39.1260931
5009	5101	32.1023202
5011	5079	55.9303955
5011	5013	36.4187358
5011	5039	51.4720213
5011	5043	30.4701581
5011	5025	38.5793899
5011	5003	48.4152255
5013	5043	66.2228407
5013	5011	36.4187358
5013	5025	48.8121508
5013	5039	31.0615629
5013	5103	31.8543823
5013	5139	44.9258507
5015	5101	56.1624549
5015	5009	43.8350924
5015	29009	47.9594921
5015	5087	38.411257
5015	29209	40.0951208
5015	29213	46.4060534
5017	28055	58.3108179
5017	5043	54.7791945
5017	22123	57.1704491
5017	5003	53.7953609
5017	28151	29.0818658
5017	5041	51.0893609
5019	5103	63.5966471
5019	5109	47.1414135
5019	5039	60.5432581
5019	5059	35.7257851
5019	5051	45.8836647
5019	5099	46.6818524
5021	29155	59.7310369
5021	29023	42.7562418
5021	5121	55.6563307
5021	5055	35.7384156
5021	29069	28.4875701
5021	29181	47.1011731
5023	5085	67.5524807
5023	5063	47.1103819
5023	5045	56.0854633
5023	5141	35.3333458
5023	5137	39.5613978
5023	5145	38.445414
5025	5013	48.8121508
5025	5043	45.9758903
5025	5079	36.8660923
5025	5039	36.1802611
5025	5011	38.5793899
5025	5069	36.5449676
5027	5057	60.2364501
5027	22027	51.2430732
5027	5139	56.3100064
5027	5073	29.0100556
5027	5103	51.7316967
5027	5099	52.6185807
5029	5119	60.6660574
5029	5115	37.2315105
5029	5149	54.2050149
5029	5105	24.9108658
5029	5045	29.7686342
5029	5141	46.9058949
5031	5093	60.433152
5031	5067	57.2558887
5031	5121	59.5666302
5031	5055	29.5493208
5031	5111	27.8233331
5031	5075	44.2271264
5033	40079	58.2152175
5033	40001	53.7947879
5033	5083	55.5823955
5033	5047	36.5654339
5033	5131	20.8609071
5033	40135	40.7275475
5035	47167	54.1576992
5035	5037	51.3836579
5035	5123	53.4412466
5035	28033	36.2869431
5035	47157	29.81902
5035	28143	53.355064
5037	5067	59.132229
5037	5035	51.3836579
5037	5077	51.9969129
5037	5147	43.3549564
5037	5123	26.4149481
5037	5111	43.5241742
5039	5069	60.3788527
5039	5011	51.4720213
5039	5053	50.0449661
5039	5013	31.0615629
5039	5025	36.1802611
5039	5103	43.6433436
5041	5011	67.4100678
5041	28011	59.3582694
5041	28151	58.5179658
5041	5017	51.0893609
5041	5043	37.4226811
5041	5079	37.718704
5043	5017	54.7791945
5043	5025	45.9758903
5043	5003	50.5070376
5043	5011	30.4701581
5043	5041	37.4226811
5043	5079	38.8331789
5045	5023	56.0854633
5045	5105	36.0142012
5045	5141	51.4953059
5045	5029	29.7686342
5045	5119	37.8054366
5045	5085	45.397832
5047	5149	65.0674037
5047	5071	37.2630606
5047	5127	62.9100545
5047	5033	36.5654339
5047	5083	26.5350976
5047	5131	44.8401813
5049	29153	64.9908743
5049	5005	55.6569325
5049	5065	31.2980661
5049	29149	37.9486729
5049	29091	47.3050805
5049	5135	31.1072608
5051	5105	61.4188005
5051	5125	50.0112037
5051	5109	61.14543
5051	5097	49.5729454
5051	5059	24.1246389
5051	5019	45.8836647
5053	5119	52.4783042
5053	5059	44.5181605
5053	5025	50.5516789
5053	5069	35.1611941
5053	5125	33.8739501
5053	5039	50.0449661
5055	5111	52.4909148
5055	5075	48.7816983
5055	29069	50.2801575
5055	5021	35.7384156
5055	5031	29.5493208
5055	5121	49.0702224
5057	5109	54.2244181
5057	5081	52.9551262
5057	5091	47.3426852
5057	5099	24.6861198
5057	5073	46.2229402
5057	5061	41.1685398
5059	5097	69.2096579
5059	5053	44.5181605
5059	5039	63.5849899
5059	5125	41.6010564
5059	5051	24.1246389
5059	5019	35.7257851
5061	5097	64.9752256
5061	5081	41.0459396
5061	5099	58.6689219
5061	5133	36.474006
5061	5109	34.7315832
5061	5057	41.1685398
5063	5145	58.1009326
5063	5137	49.2072099
5063	5065	49.2987723
5063	5067	35.6369387
5063	5023	47.1103819
5063	5135	48.3131155
5065	29149	68.1431045
5065	5137	35.7985028
5065	5063	49.2987723
5065	5049	31.2980661
5065	5135	35.4626463
5065	5005	48.7331028
5067	5111	62.2474401
5067	5031	57.2558887
5067	5037	59.132229
5067	5075	52.5211454
5067	5063	35.6369387
5067	5147	43.1370838
5069	5125	61.206524
5069	5001	56.5700029
5069	5039	60.3788527
5069	5053	35.1611941
5069	5079	39.5148203
5069	5025	36.5449676
5071	5087	69.8818119
5071	5101	63.008555
5071	5149	42.8648044
5071	5115	38.9166997
5071	5047	37.2630606
5071	5083	38.2406099
5073	22119	68.3776781
5073	5099	51.733505
5073	48037	62.2269818
5073	5027	29.0100556
5073	5091	41.8844707
5073	5057	46.2229402
5075	5063	60.4175647
5075	5055	48.7816983
5075	5067	52.5211454
5075	5135	42.5487327
5075	5031	44.2271264
5075	5121	26.9867836
5077	28027	65.3282393
5077	5095	40.5130054
5077	5037	51.9969129
5077	28143	39.865224
5077	5123	25.5887069
5077	5107	29.0525724
5079	5011	55.9303955
5079	5001	54.5115176
5079	5069	39.5148203
5079	5041	37.718704
5079	5025	36.8660923
5079	5043	38.8331789
5081	40089	66.3312788
5081	5133	36.2832794
5081	5057	52.9551262
5081	48037	29.4034369
5081	5091	38.5207317
5081	5061	41.0459396
5083	5033	55.5823955
5083	5131	54.1872249
5083	5071	38.2406099
5083	5127	46.4757192
5083	5149	45.0858486
5083	5047	26.5350976
5085	5023	67.5524807
5085	5045	45.397832
5085	5125	62.9943494
5085	5117	39.9499345
5085	5119	34.3828272
5085	5145	41.9473288
5087	5047	69.4081198
5087	5101	53.2759949
5087	5009	63.2053665
5087	5143	37.6450189
5087	5015	38.411257
5087	5007	52.5390307
5089	29213	62.6857287
5089	5009	39.1260931
5089	5101	56.4255941
5089	5005	25.5923168
5089	5129	40.2255177
5089	29153	43.2911252
5091	5061	65.1499992
5091	48067	45.9840897
5091	5057	47.3426852
5091	48037	20.4234343
5091	5073	41.8844707
5091	5081	38.5207317
5093	5111	57.137478
5093	47167	46.4362105
5093	29069	54.0737927
5093	29155	43.8968455
5093	47097	42.1914671
5093	5055	53.6663155
5095	5107	54.2064229
5095	5001	47.0239109
5095	5147	50.7402217
5095	5117	30.4322933
5095	5077	40.5130054
5095	5123	48.6319762
5097	5019	65.5424637
5097	5127	61.2612225
5097	5061	64.9752256
5097	5113	58.2483446
5097	5109	36.6631211
5097	5051	49.5729454
5099	5109	57.2695088
5099	5073	51.733505
5099	5027	52.6185807
5099	5057	24.6861198
5099	5019	46.6818524
5099	5103	50.7957818
5101	5071	63.008555
5101	5087	53.2759949
5101	5089	56.4255941
5101	5129	46.5356746
5101	5009	32.1023202
5101	5015	56.1624549
5103	5019	63.5966471
5103	5099	50.7957818
5103	5027	51.7316967
5103	5013	31.8543823
5103	5039	43.6433436
5103	5139	44.6557942
5105	5125	49.8920837
5105	5149	48.3696966
5105	5119	49.4679165
5105	5115	45.0498137
5105	5029	24.9108658
5105	5045	36.0142012
5107	5123	54.2913565
5107	5095	54.2064229
5107	28119	49.8391512
5107	5077	29.0525724
5107	28143	38.5226284
5107	28027	36.4433498
5109	5051	61.14543
5109	5019	47.1414135
5109	5099	57.2695088
5109	5097	36.6631211
5109	5061	34.7315832
5109	5057	54.2244181
5111	5067	62.2474401
5111	5093	57.137478
5111	5035	56.4134322
5111	5037	43.5241742
5111	5031	27.8233331
5111	5055	52.4909148
5113	40079	69.6093525
5113	5061	67.7724315
5113	5109	68.9669277
5113	5097	58.2483446
5113	5127	45.4923661
5113	5133	56.4445173
5115	5045	66.8612818
5115	5083	61.5768374
5115	5105	45.0498137
5115	5149	27.301517
5115	5029	37.2315105
5115	5071	38.9166997
5117	5077	70.0210902
5117	5145	47.6528714
5117	5001	50.9296593
5117	5085	39.9499345
5117	5095	30.4322933
5117	5147	48.9770925
5119	5029	60.6660574
5119	5045	37.8054366
5119	5053	52.4783042
5119	5085	34.3828272
5119	5125	29.37234
5119	5105	49.4679165
5121	5021	55.6563307
5121	29149	55.034049
5121	5135	49.7092218
5121	5075	26.9867836
5121	29181	39.9338784
5121	5055	49.0702224
5123	5035	53.4412466
5123	28143	51.3808214
5123	5095	48.6319762
5123	5037	26.4149481
5123	5147	50.0702684
5123	5077	25.5887069
5125	5045	58.3302691
5125	5059	41.6010564
5125	5051	50.0112037
5125	5119	29.37234
5125	5053	33.8739501
5125	5105	49.8920837
5127	5047	62.9100545
5127	40079	52.5658708
5127	5097	61.2612225
5127	5113	45.4923661
5127	5083	46.4757192
5127	5131	51.4014766
5129	5009	55.1004832
5129	5137	47.610094
5129	5005	51.800174
5129	5141	44.9252354
5129	5101	46.5356746
5129	5089	40.2255177
5131	5083	54.1872249
5131	5127	51.4014766
5131	5047	44.8401813
5131	40135	38.1385676
5131	40079	38.6159201
5131	5033	20.8609071
5133	5109	65.4460933
5133	40089	47.2445652
5133	48037	64.9497071
5133	5081	36.2832794
5133	5061	36.474006
5133	5113	56.4445173
5135	5121	49.7092218
5135	5075	42.5487327
5135	29149	49.1359845
5135	5049	31.1072608
5135	5065	35.4626463
5135	5063	48.3131155
5137	5005	57.3396655
5137	5141	41.1262745
5137	5063	49.2072099
5137	5023	39.5613978
5137	5065	35.7985028
5137	5129	47.610094
5139	5011	64.4590275
5139	5027	56.3100064
5139	22027	55.0477317
5139	5103	44.6557942
5139	5013	44.9258507
5139	22111	51.0538796
5141	5115	67.6102054
5141	5129	44.9252354
5141	5045	51.4953059
5141	5137	41.1262745
5141	5023	35.3333458
5141	5029	46.9058949
5143	5033	67.1928026
5143	40001	47.6222424
5143	5015	62.2064576
5143	5007	27.5301269
5143	5087	37.6450189
5143	29119	61.6555021
5145	5045	60.0112142
5145	5147	46.8047495
5145	5063	58.1009326
5145	5023	38.445414
5145	5085	41.9473288
5145	5117	47.6528714
5147	5095	50.7402217
5147	5123	50.0702684
5147	5117	48.9770925
5147	5145	46.8047495
5147	5037	43.3549564
5147	5067	43.1370838
5149	5047	65.0674037
5149	5029	54.2050149
5149	5105	48.3696966
5149	5115	27.301517
5149	5083	45.0858486
5149	5071	42.8648044
6001	6095	59.0396656
6001	6085	46.5022484
6001	6041	50.1733841
6001	6075	30.3150664
6001	6013	26.3533887
6001	6081	26.3705908
6003	6005	88.8413749
6003	32029	75.9946624
6003	32019	82.4401148
6003	32005	26.6275349
6003	32510	49.3560918
6003	6017	77.7788418
6005	6077	68.7734237
6005	6061	61.2714276
6005	6017	39.2749127
6005	6067	56.1450927
6005	6109	61.1259295
6005	6009	28.4783311
6007	6063	83.0032764
6007	6011	65.6200284
6007	6103	66.0413069
6007	6021	40.2083522
6007	6101	59.5780315
6007	6115	61.439962
6009	6067	79.2114173
6009	6017	65.5248526
6009	6099	66.8093135
6009	6109	34.2031358
6009	6077	63.6351497
6009	6005	28.4783311
6011	6113	69.5303344
6011	6007	65.6200284
6011	6033	59.6157823
6011	6021	56.9554518
6011	6101	38.1264222
6011	6115	49.973226
6013	6055	50.645125
6013	6075	40.8345628
6013	6081	49.5490539
6013	6001	26.3533887
6013	6041	45.6769768
6013	6095	33.5321372
6015	6105	153.471436
6015	41029	124.165537
6015	6093	140.985607
6015	6023	115.62212
6015	41015	52.8089391
6015	41033	93.5297172
6017	6003	77.7788418
6017	6067	58.7210711
6017	6009	65.5248526
6017	6057	54.661696
6017	6061	39.5073991
6017	6005	39.2749127
6019	6051	133.953143
6019	6031	55.2806439
6019	6047	97.0119192
6019	6039	39.9350563
6019	6043	90.9455877
6019	6107	72.3701084
6021	6033	90.4744839
6021	6011	56.9554518
6021	6115	82.0122675
6021	6007	40.2083522
6021	6103	50.357717
6021	6101	74.464149
6023	6103	173.309606
6023	6089	151.97337
6023	41015	167.662528
6023	6015	115.62212
6023	6105	85.9182676
6023	6093	162.037068
6025	6059	238.101907
6025	6065	177.871881
6025	6071	225.947692
6025	4012	173.451638
6025	4027	90.0777026
6025	6073	147.51168
6027	6043	155.172302
6027	6039	154.645944
6027	6107	132.597456
6027	6051	91.3274924
6027	6019	141.189009
6027	32009	80.2877891
6029	6037	158.572125
6029	6079	157.066939
6029	6083	133.284872
6029	6031	120.267926
6029	6111	126.020225
6029	6107	101.227571
6031	6047	140.298149
6031	6029	120.267926
6031	6079	131.12234
6031	6019	55.2806439
6031	6039	92.3764872
6031	6107	44.6035471
6033	6101	95.8687157
6033	6045	66.8674569
6033	6021	90.4744839
6033	6011	59.6157823
6033	6097	62.20133
6033	6055	80.1165413
6035	6057	133.550199
6035	6049	125.814388
6035	32031	116.375594
6035	6007	125.281996
6035	6063	50.0337227
6035	6091	87.8497985
6037	6073	168.163388
6037	6029	158.572125
6037	6065	112.575413
6037	6071	82.8281437
6037	6059	50.9426768
6037	6111	74.4815476
6039	6109	107.071244
6039	6043	55.7292439
6039	6099	105.561001
6039	6019	39.9350563
6039	6047	60.7651726
6039	6031	92.3764872
6041	6001	50.1733841
6041	6013	45.6769768
6041	6095	50.1435511
6041	6075	26.9980572
6041	6055	42.866542
6041	6097	49.8830591
6043	6019	90.9455877
6043	6109	57.7779981
6043	6051	90.188843
6043	6039	55.7292439
6043	6047	65.6760045
6043	6099	88.3797077
6045	6055	141.400208
6045	6011	113.920215
6045	6103	136.6885
6045	6033	66.8674569
6045	6021	112.839588
6045	6097	113.228017
6047	6077	93.6141165
6047	6069	84.6031727
6047	6109	81.0686241
6047	6039	60.7651726
6047	6043	65.6760045
6047	6099	47.6541662
6049	6089	173.4637
6049	6063	171.734927
6049	6093	153.133005
6049	41035	122.57295
6049	6035	125.814388
6049	41037	108.552787
6051	6039	121.546816
6051	32021	96.4119985
6051	6109	121.353538
6051	6027	91.3274924
6051	6043	90.188843
6051	32009	113.928222
6053	6099	127.674909
6053	6085	81.6560209
6053	6081	122.505738
6053	6069	33.6295975
6053	6087	48.9160319
6053	6047	117.454956
6055	6075	64.140451
6055	6013	50.645125
6055	6113	60.2874837
6055	6095	24.3756106
6055	6097	36.0373746
6055	6041	42.866542
6057	6067	82.7612188
6057	6101	63.4449027
6057	6091	61.4125884
6057	6115	51.6622623
6057	6061	47.604604
6057	6017	54.661696
6059	6029	207.059482
6059	6065	73.9919791
6059	6111	121.117458
6059	6037	50.9426768
6059	6071	68.9204912
6059	6073	117.486316
6061	6113	54.1525894
6061	6101	51.4029584
6061	6057	47.604604
6061	6067	35.1579908
6061	6115	43.0931269
6061	6017	39.5073991
6063	6115	110.577523
6063	6057	85.3374462
6063	32031	101.248972
6063	6007	83.0032764
6063	6035	50.0337227
6063	6091	54.2738154
6065	6111	187.053683
6065	6073	102.077553
6065	6025	177.871881
6065	6071	50.9599044
6065	6059	73.9919791
6065	6037	112.575413
6067	6101	67.0004298
6067	6017	58.7210711
6067	6115	64.2957628
6067	6061	35.1579908
6067	6113	29.7697139
6067	6005	56.1450927
6069	6001	113.940298
6069	6085	69.0726018
6069	6099	94.951597
6069	6087	49.9316148
6069	6053	33.6295975
6069	6047	84.6031727
6071	6029	195.164038
6071	6037	82.8281437
6071	6111	153.460862
6071	6059	68.9204912
6071	6065	50.9599044
6071	6073	147.080166
6073	6111	232.816698
6073	6071	147.080166
6073	6037	168.163388
6073	6065	102.077553
6073	6059	117.486316
6073	6025	147.51168
6075	6055	64.140451
6075	6001	30.3150664
6075	6095	62.0294024
6075	6081	23.3780374
6075	6041	26.9980572
6075	6013	40.8345628
6077	6001	74.8550417
6077	6067	71.214841
6077	6005	68.7734237
6077	6009	63.6351497
6077	6099	45.9873651
6077	6013	64.2044854
6079	6019	175.103564
6079	6107	164.27933
6079	6053	166.35859
6079	6029	157.066939
6079	6083	94.0758803
6079	6031	131.12234
6081	6087	73.6312752
6081	6085	47.0188096
6081	6041	50.3747927
6081	6075	23.3780374
6081	6001	26.3705908
6081	6013	49.5490539
6083	6107	195.50126
6083	6037	181.356109
6083	6031	181.330816
6083	6029	133.284872
6083	6079	94.0758803
6083	6111	107.477079
6085	6013	69.7942343
6085	6075	67.8868741
6085	6069	69.0726018
6085	6001	46.5022484
6085	6087	36.7607202
6085	6081	47.0188096
6087	6075	96.847306
6087	6001	81.3615398
6087	6081	73.6312752
6087	6085	36.7607202
6087	6053	48.9160319
6087	6069	49.9316148
6089	6063	141.480129
6089	6007	113.137178
6089	6093	111.883787
6089	6103	52.1686752
6089	6021	102.478201
6089	6105	66.1402744
6091	6035	87.8497985
6091	32029	72.1763932
6091	32510	75.3974151
6091	6057	61.4125884
6091	32031	53.7056024
6091	6063	54.2738154
6093	6015	140.985607
6093	6105	110.818097
6093	41033	118.185984
6093	41029	90.9605485
6093	41035	100.810481
6093	6089	111.883787
6095	6097	60.1987991
6095	6001	59.0396656
6095	6113	50.5113111
6095	6013	33.5321372
6095	6055	24.3756106
6095	6041	50.1435511
6097	6013	80.462546
6097	6075	76.8554836
6097	6033	62.20133
6097	6041	49.8830591
6097	6055	36.0373746
6097	6095	60.1987991
6099	6043	88.3797077
6099	6109	67.6100111
6099	6005	87.6124491
6099	6009	66.8093135
6099	6077	45.9873651
6099	6047	47.6541662
6101	6057	63.4449027
6101	6061	51.4029584
6101	6113	60.0347902
6101	6115	11.8874331
6101	6011	38.1264222
6101	6007	59.5780315
6103	6063	119.404122
6103	6011	107.248097
6103	6105	95.8366477
6103	6007	66.0413069
6103	6021	50.357717
6103	6089	52.1686752
6105	6015	153.471436
6105	6021	136.337086
6105	6093	110.818097
6105	6089	66.1402744
6105	6023	85.9182676
6105	6103	95.8366477
6107	6043	157.437414
6107	6029	101.227571
6107	6027	132.597456
6107	6031	44.6035471
6107	6019	72.3701084
6107	6039	111.945575
6109	6077	85.1267837
6109	6099	67.6100111
6109	6047	81.0686241
6109	6009	34.2031358
6109	6043	57.7779981
6109	6005	61.1259295
6111	6065	187.053683
6111	6071	153.460862
6111	6059	121.117458
6111	6037	74.4815476
6111	6029	126.020225
6111	6083	107.477079
6113	6115	62.8459159
6113	6101	60.0347902
6113	6055	60.2874837
6113	6067	29.7697139
6113	6061	54.1525894
6113	6095	50.5113111
6115	6113	62.8459159
6115	6061	43.0931269
6115	6007	61.439962
6115	6101	11.8874331
6115	6011	49.973226
6115	6057	51.6622623
8001	8035	43.450249
8001	8059	24.2522835
8001	8013	30.3206017
8001	8014	12.9488233
8001	8031	17.1604173
8001	8005	26.1606084
8003	8055	88.7895664
8003	8109	49.6637893
8003	8027	84.4902894
8003	8023	44.0019054
8003	8021	33.4522624
8003	8105	35.171831
8005	8039	40.636651
8005	8001	26.1606084
8005	8014	36.820583
8005	8031	12.4373624
8005	8059	25.5282043
8005	8035	18.2731288
8007	8021	97.1728535
8007	8111	81.4784706
8007	8053	86.1893736
8007	8067	63.8929728
8007	8079	63.4888535
8007	8105	85.6468411
8009	8011	96.2268095
8009	20187	71.5086149
8009	20075	95.3028526
8009	40025	71.1545059
8009	20129	70.6866228
8009	8099	79.5850189
8011	8017	103.075283
8011	8061	61.1151726
8011	8009	96.2268095
8011	8089	43.6288274
8011	8099	53.9322772
8011	8025	62.0898372
8013	8123	44.6728432
8013	8047	34.1130807
8013	8031	42.736093
8013	8001	30.3206017
8013	8014	17.8125609
8013	8059	38.4041122
8014	8047	37.304229
8014	8059	24.8596676
8014	8005	36.820583
8014	8001	12.9488233
8014	8013	17.8125609
8014	8031	25.4467287
8015	8027	85.8449238
8015	8093	81.0463137
8015	8109	84.8213081
8015	8051	74.866386
8015	8065	66.2397543
8015	8043	81.1269422
8017	20181	86.5561683
8017	20071	70.5803299
8017	8099	81.8788372
8017	8061	43.0812626
8017	8063	54.8484746
8017	20199	60.4926241
8019	8013	48.8653627
8019	8093	45.3268152
8019	8117	47.5569965
8019	8059	34.3007253
8019	8047	16.5678501
8019	8014	47.53913
8021	8007	97.1728535
8021	8105	51.7549474
8021	35055	91.2444331
8021	8023	48.8007595
8021	8003	33.4522624
8021	8109	80.066348
8023	8109	86.5604394
8023	8055	62.169241
8023	8071	84.2210933
8023	8003	44.0019054
8023	8021	48.8007595
8023	8105	79.0884632
8025	8055	110.293574
8025	8061	107.334256
8025	8041	109.30171
8025	8089	25.3030932
8025	8011	62.0898372
8025	8101	69.3145478
8027	8015	85.8449238
8027	8055	72.2638138
8027	8003	84.4902894
8027	8109	60.9466427
8027	8043	35.8674481
8027	8101	65.942788
8029	8113	91.7673123
8029	8077	63.7995504
8029	8051	85.2178123
8029	8085	35.5792858
8029	8091	74.6290721
8029	8045	85.0821431
8031	8013	42.736093
8031	8001	17.1604173
8031	8035	27.0410338
8031	8005	12.4373624
8031	8059	14.8598558
8031	8014	25.4467287
8033	8067	99.1917877
8033	8113	74.6542457
8033	8091	99.1570847
8033	8083	44.7742073
8033	8111	95.4991536
8033	49037	71.3684419
8035	8014	52.4198047
8035	8001	43.450249
8035	8059	33.7579012
8035	8031	27.0410338
8035	8005	18.2731288
8035	8039	32.9842667
8037	8107	96.1808899
8037	8049	80.8135956
8037	8045	71.1949788
8037	8097	43.9495759
8037	8065	52.7564314
8037	8117	56.8902386
8039	8001	64.8699087
8039	8041	60.2627174
8039	8059	64.3469522
8039	8031	53.0390722
8039	8005	40.636651
8039	8035	32.9842667
8041	8005	86.3781826
8041	8101	68.5393088
8041	8035	68.8053449
8041	8043	63.1756675
8041	8119	33.9539227
8041	8039	60.2627174
8043	8109	90.9687959
8043	8041	63.1756675
8043	8015	81.1269422
8043	8101	52.183018
8043	8027	35.8674481
8043	8119	57.8274288
8045	8051	107.519616
8045	8077	97.9552039
8045	8037	71.1949788
8045	8103	87.5253961
8045	8029	85.0821431
8045	8097	62.311953
8047	8031	47.3353495
8047	8014	37.304229
8047	8001	47.2129534
8047	8019	16.5678501
8047	8013	34.1130807
8047	8059	33.6436447
8049	8014	79.3790501
8049	8057	76.2848007
8049	8117	53.4973871
8049	8013	67.3800206
8049	8047	47.3742616
8049	8019	53.4269663
8051	8085	88.308208
8051	8065	85.4755648
8051	8053	79.6496507
8051	8015	74.866386
8051	8029	85.2178123
8051	8097	63.9787156
8053	8051	79.6496507
8053	8091	42.4573588
8053	8085	77.3276092
8053	8111	39.4134293
8053	8079	38.5897352
8053	8113	58.2141118
8055	8043	94.3632387
8055	8003	88.7895664
8055	8101	74.9752583
8055	8023	62.169241
8055	8071	57.5415423
8055	8027	72.2638138
8057	8047	115.639191
8057	8069	102.802048
8057	8081	114.369668
8057	8107	57.8778188
8057	8049	76.2848007
8057	56001	90.3741821
8059	8035	33.7579012
8059	8014	24.8596676
8059	8047	33.6436447
8059	8001	24.2522835
8059	8031	14.8598558
8059	8005	25.5282043
8061	8063	95.6808641
8061	8011	61.1151726
8061	20199	92.0463291
8061	8099	44.5709849
8061	8017	43.0812626
8061	20071	79.8774019
8063	8061	95.6808641
8063	8125	84.5897053
8063	20023	78.5321692
8063	20181	61.1791742
8063	8017	54.8484746
8063	20199	74.4346389
8065	8019	84.617797
8065	8015	66.2397543
8065	8037	52.7564314
8065	8097	51.6736465
8065	8093	59.4251691
8065	8117	42.4075381
8067	8053	92.9154353
8067	8083	67.4341461
8067	8113	79.9955804
8067	8007	63.8929728
8067	8111	61.1064304
8067	35045	70.7314854
8069	8047	78.9426228
8069	8014	63.2296465
8069	56021	77.1686344
8069	8123	32.8239796
8069	8013	49.5883688
8069	8001	71.5823829
8071	8025	124.071302
8071	8023	84.2210933
8071	8101	119.309672
8071	8055	57.5415423
8071	35007	56.3177592
8071	8089	118.381393
8073	8025	111.518016
8073	8121	109.449289
8073	8017	107.465517
8073	8041	104.358477
8073	8063	102.566808
8073	8039	81.3641048
8075	8115	80.7042895
8075	8087	65.8964633
8075	31105	77.0326616
8075	8121	60.8656838
8075	31033	61.064012
8075	8095	67.6888334
8077	8091	126.610083
8077	8085	86.2899429
8077	8103	108.911195
8077	8029	63.7995504
8077	49019	103.406012
8077	8045	97.9552039
8079	8109	81.4712531
8079	8091	80.5587337
8079	8111	64.8767379
8079	8007	63.4888535
8079	8053	38.5897352
8079	8105	64.5440321
8081	56007	136.206383
8081	8057	114.369668
8081	8037	127.837512
8081	8103	75.8149297
8081	8107	61.7987241
8081	8045	112.289392
8083	8111	91.5542791
8083	8067	67.4341461
8083	49037	86.7129927
8083	8033	44.7742073
8083	35045	78.0915659
8083	8113	85.214427
8085	8077	86.2899429
8085	8053	77.3276092
8085	8111	78.3838178
8085	8091	41.1469359
8085	8029	35.5792858
8085	8113	56.1916901
8087	8125	111.938389
8087	8123	85.771932
8087	31105	109.098148
8087	8075	65.8964633
8087	8121	56.1010122
8087	8001	106.356732
8089	8055	116.898647
8089	8061	98.7083415
8089	8099	97.4547159
8089	8011	43.6288274
8089	8025	25.3030932
8089	8101	90.3819895
8091	8079	80.5587337
8091	8053	42.4573588
8091	8029	74.6290721
8091	8113	26.2664748
8091	8111	37.8064217
8091	8085	41.1469359
8093	8059	62.1523519
8093	8065	59.4251691
8093	8047	61.8558674
8093	8119	58.3749925
8093	8019	45.3268152
8093	8117	47.106832
8095	8075	67.6888334
8095	31135	66.2462843
8095	8125	59.5400022
8095	31029	65.7850121
8095	8115	40.4255838
8095	31049	54.5186481
8097	8015	94.4048538
8097	8051	63.9787156
8097	8117	82.5134881
8097	8065	51.6736465
8097	8037	43.9495759
8097	8045	62.311953
8099	8017	81.8788372
8099	8009	79.5850189
8099	20071	81.803607
8099	8061	44.5709849
8099	8011	53.9322772
8099	20075	69.2477073
8101	8119	86.9929348
8101	8041	68.5393088
8101	8055	74.9752583
8101	8027	65.942788
8101	8043	52.183018
8101	8025	69.3145478
8103	8037	142.586213
8103	49047	119.310678
8103	8107	125.418017
8103	8081	75.8149297
8103	8045	87.5253961
8103	8077	108.911195
8105	8007	85.6468411
8105	8021	51.7549474
8105	8023	79.0884632
8105	8109	38.4030209
8105	8003	35.171831
8105	8079	64.5440321
8107	8117	121.461521
8107	8049	90.3098026
8107	8045	118.435663
8107	8057	57.8778188
8107	8081	61.7987241
8107	8037	96.1808899
8109	8015	84.8213081
8109	8027	60.9466427
8109	8079	81.4712531
8109	8105	38.4030209
8109	8003	49.6637893
8109	8021	80.066348
8111	8085	78.3838178
8111	8067	61.1064304
8111	8079	64.8767379
8111	8091	37.8064217
8111	8053	39.4134293
8111	8113	31.4054085
8113	8067	79.9955804
8113	8033	74.6542457
8113	8053	58.2141118
8113	8111	31.4054085
8113	8091	26.2664748
8113	8085	56.1916901
8115	31033	59.4997664
8115	31135	56.475112
8115	31101	56.6456131
